0.000000	-2.000000	1.000000	-nan	-nan	1.000000	1.000000
0.050000	-2.000000	1.000000	0.000000	0.000000	1.000000	1.000000
0.100000	-2.000000	1.000000	0.000000	0.000000	1.000000	1.000000
0.150000	-2.000000	1.000000	0.000000	0.000000	1.000000	1.000000
0.200000	-2.000000	1.000000	0.000000	0.000000	1.000000	1.000000
0.250000	-2.000000	1.000000	0.000000	0.000000	1.000000	1.000000
0.300000	-2.000000	1.000000	0.000000	0.000000	1.000000	1.000000
0.350000	-2.000000	1.000000	0.000000	0.000000	1.000000	1.000000
0.400000	-2.000000	1.000000	0.000000	0.000000	1.000000	1.000000
0.450000	-2.000000	1.000000	0.000000	0.000000	1.000000	1.000000
0.500000	-2.000000	1.000000	0.000000	0.000000	1.000000	1.000000
0.550000	-1.999997	0.999999	0.000090	0.000003	0.999998	0.999997
0.600000	-1.999987	0.999997	0.000275	0.000010	0.999994	0.999987
0.650000	-1.999965	0.999991	0.000628	0.000026	0.999983	0.999965
0.700000	-1.999915	0.999979	0.001406	0.000062	0.999957	0.999915
0.750000	-1.999795	0.999948	0.002769	0.000133	0.999897	0.999794
0.800000	-1.999606	0.999901	0.005089	0.000259	0.999802	0.999604
0.850000	-1.999278	0.999818	0.007336	0.000403	0.999635	0.999270
0.900000	-1.998855	0.999711	0.011410	0.000672	0.999421	0.998843
0.950000	-1.998142	0.999529	0.016408	0.001023	0.999059	0.998118
1.000000	-1.997139	0.999269	0.023467	0.001589	0.998539	0.997081
1.050000	-1.995739	0.998909	0.033422	0.002385	0.997820	0.995645
1.100000	-1.993911	0.998432	0.043046	0.003286	0.996867	0.993744
1.150000	-1.991571	0.997816	0.054522	0.004511	0.995637	0.991295
1.200000	-1.988588	0.997022	0.061803	0.005380	0.994053	0.988143
1.250000	-1.985007	0.996066	0.084184	0.007703	0.992148	0.984359
1.300000	-1.980305	0.994789	0.104003	0.010088	0.989607	0.979325
1.350000	-1.974714	0.993237	0.120599	0.013134	0.986522	0.973229
1.400000	-1.968099	0.991387	0.140954	0.016379	0.982849	0.965998
1.450000	-1.960289	0.989168	0.167255	0.021032	0.978455	0.957381
1.500000	-1.951291	0.986553	0.204897	0.027819	0.973290	0.947303
1.550000	-1.940389	0.983300	0.222733	0.033267	0.966882	0.934873
1.600000	-1.928332	0.979659	0.255860	0.042129	0.959736	0.921109
1.650000	-1.914224	0.975255	0.290762	0.051151	0.951127	0.904662
1.700000	-1.898538	0.970183	0.374217	0.074633	0.941262	0.886003
1.750000	-1.879612	0.963873	0.391776	0.086100	0.929060	0.863186
1.800000	-1.859205	0.956799	0.429202	0.115051	0.915477	0.838144
1.850000	-1.836625	0.948718	0.498922	0.143617	0.900082	0.810206
1.900000	-1.809037	0.938124	0.551880	0.198418	0.880100	0.774656
1.950000	-1.779944	0.926272	0.651236	0.285194	0.858013	0.736303
2.000000	-1.745826	0.911385	0.716028	0.382493	0.830670	0.690168
2.050000	-1.706666	0.892811	0.932787	0.634475	0.797191	0.635766
2.100000	-1.662637	0.868897	0.972520	0.981472	0.755107	0.570565
2.150000	-1.608821	0.834303	1.218138	1.931155	0.696315	0.485554
2.200000	-1.545360	0.780771	1.397126	5.410804	0.610330	0.374232
2.250000	-1.467229	0.683979	1.957010	29.879625	0.471931	0.229481
2.300000	-1.346703	0.274201	1.757770	138.568928	0.094638	0.015904
2.350000	-1.263374	0.101026	1.298533	38.240297	0.015691	0.000633
2.400000	-1.205124	0.087395	1.149387	23.336707	0.011056	0.000292
2.450000	-1.151451	0.057868	0.895445	14.437098	0.005508	0.000103
2.500000	-1.105461	0.049898	0.941050	8.781944	0.003830	0.000041
2.550000	-1.065652	0.041721	0.747987	6.344105	0.002728	0.000022
2.600000	-1.028403	0.036009	0.692089	4.688567	0.002041	0.000012
2.650000	-0.994175	0.034031	0.739354	4.006214	0.001806	0.000010
2.700000	-0.963713	0.031106	0.537534	3.148585	0.001486	0.000006
2.750000	-0.935263	0.027541	0.565150	2.803945	0.001229	0.000005
2.800000	-0.908513	0.025906	0.531003	2.450955	0.001090	0.000004
2.850000	-0.883630	0.024779	0.478945	1.948436	0.000953	0.000003
2.900000	-0.860053	0.023413	0.422255	1.809033	0.000868	0.000002
2.950000	-0.837295	0.022486	0.444369	1.532898	0.000782	0.000002
3.000000	-0.817233	0.021482	0.422160	1.371164	0.000713	0.000001
3.050000	-0.798212	0.020089	0.375723	1.147074	0.000617	0.000001
3.100000	-0.779425	0.019319	0.341925	1.183531	0.000597	0.000001
3.150000	-0.762434	0.018668	0.329625	1.123698	0.000565	0.000001
3.200000	-0.744833	0.018548	0.328657	0.966905	0.000533	0.000001
3.250000	-0.729378	0.017078	0.309083	0.843512	0.000459	0.000001
3.300000	-0.712604	0.016332	0.287981	0.832341	0.000434	0.000001
3.350000	-0.699594	0.017010	0.293887	0.714480	0.000435	0.000001
3.400000	-0.685578	0.015802	0.264590	0.678813	0.000391	0.000000
3.450000	-0.671703	0.016135	0.265453	0.726233	0.000413	0.000001
3.500000	-0.660350	0.015340	0.231945	0.640815	0.000372	0.000000
3.550000	-0.647562	0.015024	0.241215	0.590051	0.000354	0.000000
3.600000	-0.636350	0.014727	0.224839	0.539170	0.000335	0.000000
3.650000	-0.624588	0.014447	0.211322	0.516507	0.000324	0.000000
3.700000	-0.613861	0.014547	0.205655	0.535401	0.000333	0.000000
3.750000	-0.604375	0.014172	0.206488	0.512879	0.000318	0.000000
3.800000	-0.593693	0.013448	0.203655	0.481983	0.000293	0.000000
3.850000	-0.585162	0.013571	0.194457	0.481439	0.000297	0.000000
3.900000	-0.575189	0.013091	0.188247	0.415628	0.000270	0.000000
3.950000	-0.565601	0.012729	0.183918	0.415343	0.000262	0.000000
4.000000	-0.557516	0.013438	0.175948	0.400516	0.000278	0.000000
4.050000	-0.549642	0.012639	0.162207	0.357996	0.000248	0.000000
4.100000	-0.540852	0.012432	0.168921	0.335941	0.000239	0.000000
4.150000	-0.532985	0.012703	0.149209	0.363385	0.000253	0.000000
4.200000	-0.525760	0.011925	0.148652	0.339007	0.000229	0.000000
4.250000	-0.517862	0.012345	0.154558	0.344514	0.000242	0.000000
4.300000	-0.510164	0.012071	0.139930	0.325678	0.000231	0.000000
4.350000	-0.503433	0.011950	0.138726	0.327941	0.000230	0.000000
4.400000	-0.496347	0.011568	0.128835	0.280126	0.000209	0.000000
4.450000	-0.490327	0.011290	0.123522	0.260401	0.000198	0.000000
4.500000	-0.483826	0.011561	0.127866	0.297138	0.000215	0.000000
4.550000	-0.477620	0.011610	0.124606	0.264057	0.000208	0.000000
4.600000	-0.471046	0.011523	0.120899	0.282510	0.000212	0.000000
4.650000	-0.466127	0.011173	0.124663	0.248716	0.000195	0.000000
4.700000	-0.459417	0.010820	0.115862	0.236898	0.000185	0.000000
4.750000	-0.454272	0.010650	0.105697	0.230772	0.000180	0.000000
4.800000	-0.448397	0.011021	0.102491	0.231373	0.000189	0.000000
4.850000	-0.443762	0.010572	0.110944	0.218889	0.000177	0.000000
4.900000	-0.438099	0.010524	0.097642	0.210886	0.000174	0.000000
4.950000	-0.433682	0.010978	0.096093	0.228490	0.000190	0.000000
