1.909200	-1.804275	0.936201	0.576268	0.213351	0.878064	0.776105
1.910200	-1.803970	0.936165	0.574716	0.209363	0.877967	0.775885
1.911200	-1.802919	0.935692	0.578078	0.213663	0.877114	0.774473
1.912200	-1.802545	0.935604	0.579436	0.213518	0.876949	0.774177
1.913200	-1.802089	0.935339	0.580533	0.218030	0.876489	0.773445
1.914200	-1.801386	0.935074	0.582646	0.218489	0.875998	0.772607
1.915200	-1.800733	0.934796	0.584503	0.220322	0.875492	0.771769
1.916200	-1.800190	0.934560	0.586044	0.220250	0.875050	0.771025
1.917200	-1.799581	0.934414	0.585167	0.219053	0.874770	0.770497
1.918200	-1.798860	0.934076	0.588800	0.223065	0.874169	0.769522
1.919200	-1.798549	0.934003	0.587990	0.220410	0.874013	0.769210
1.920200	-1.798044	0.933734	0.591524	0.223613	0.873536	0.768460
1.921200	-1.797047	0.933335	0.592050	0.227711	0.872823	0.767276
1.922200	-1.796331	0.933033	0.594246	0.228885	0.872269	0.766345
1.923200	-1.796092	0.933023	0.596003	0.227637	0.872242	0.766281
1.924200	-1.795509	0.932710	0.598331	0.230393	0.871680	0.765366
1.925200	-1.794731	0.932388	0.600219	0.233338	0.871101	0.764409
1.926200	-1.793924	0.932143	0.601313	0.231434	0.870632	0.763571
1.927200	-1.793802	0.932005	0.599505	0.236074	0.870410	0.763231
1.928200	-1.792927	0.931728	0.602175	0.231915	0.869864	0.762263
1.929200	-1.792222	0.931364	0.605524	0.238544	0.869237	0.761289
1.930200	-1.791795	0.931192	0.605668	0.241861	0.868943	0.760801
1.931200	-1.791437	0.931078	0.607993	0.242264	0.868734	0.760453
1.932200	-1.790632	0.930774	0.607354	0.240004	0.868151	0.759433
1.933200	-1.790205	0.930612	0.608531	0.242889	0.867873	0.758996
1.934200	-1.789456	0.930327	0.611922	0.242031	0.867338	0.758082
1.935200	-1.788717	0.930021	0.612831	0.241514	0.866765	0.757102
1.936200	-1.788230	0.929716	0.614164	0.249325	0.866258	0.756346
1.937200	-1.787532	0.929378	0.617918	0.261145	0.865720	0.755526
1.938200	-1.786987	0.929242	0.620306	0.251443	0.865394	0.754904
1.939200	-1.786570	0.929074	0.619575	0.253446	0.865098	0.754419
1.940200	-1.785716	0.928719	0.622192	0.255314	0.864454	0.753359
1.941200	-1.784996	0.928364	0.623643	0.260017	0.863831	0.752363
1.942200	-1.784777	0.928317	0.624093	0.258880	0.863736	0.752178
1.943200	-1.783866	0.928030	0.624481	0.256148	0.863183	0.751196
1.944200	-1.783349	0.927758	0.626809	0.260847	0.862716	0.750475
1.945200	-1.782549	0.927324	0.631370	0.270077	0.861982	0.749333
1.946200	-1.781828	0.927044	0.634540	0.271473	0.861474	0.748501
1.947200	-1.781170	0.926814	0.634155	0.265704	0.861004	0.747643
1.948200	-1.780680	0.926680	0.634652	0.268184	0.860777	0.747276
1.949200	-1.780428	0.926566	0.634553	0.268642	0.860570	0.746932
1.950200	-1.779189	0.926042	0.638350	0.271152	0.859620	0.745370
1.951200	-1.778660	0.925726	0.639731	0.278178	0.859088	0.744542
1.952200	-1.778165	0.925645	0.639816	0.272061	0.858894	0.744151
1.953200	-1.777705	0.925407	0.640883	0.275876	0.858484	0.743522
1.954200	-1.776861	0.925013	0.645521	0.280096	0.857786	0.742399
1.955200	-1.776273	0.924760	0.646292	0.282607	0.857340	0.741677
1.956200	-1.775262	0.924285	0.647813	0.289087	0.856512	0.740329
1.957200	-1.775052	0.924216	0.648947	0.287946	0.856376	0.740121
1.958200	-1.774530	0.924045	0.649093	0.290443	0.856081	0.739618
1.959200	-1.773314	0.923430	0.655537	0.296091	0.854989	0.737898
1.960200	-1.772966	0.923384	0.652177	0.291561	0.854870	0.737610
1.961200	-1.772232	0.923003	0.658256	0.293662	0.854185	0.736541
1.962200	-1.771809	0.922821	0.657922	0.297236	0.853877	0.736059
1.963200	-1.771087	0.922436	0.660500	0.308837	0.853257	0.735126
1.964200	-1.770465	0.922275	0.661251	0.300563	0.852898	0.734457
1.965200	-1.769449	0.921783	0.664910	0.308811	0.852055	0.733128
1.966200	-1.769230	0.921809	0.662643	0.300665	0.852041	0.733013
1.967200	-1.768128	0.921318	0.663791	0.305386	0.851173	0.731593
1.968200	-1.767625	0.921042	0.668105	0.304759	0.850662	0.730796
1.969200	-1.767157	0.920852	0.667369	0.308853	0.850345	0.730298
1.970200	-1.766143	0.920372	0.675682	0.315773	0.849515	0.729028
1.971200	-1.765823	0.920394	0.672205	0.309513	0.849509	0.728903
1.972200	-1.765019	0.920007	0.673526	0.311220	0.848811	0.727757
1.973200	-1.764003	0.919411	0.681113	0.329290	0.847854	0.726387
1.974200	-1.763599	0.919375	0.675903	0.317216	0.847697	0.725975
1.975200	-1.762772	0.918880	0.681302	0.326652	0.846861	0.724733
1.976200	-1.762239	0.918742	0.683164	0.325706	0.846601	0.724268
1.977200	-1.761886	0.918711	0.678277	0.322066	0.846517	0.724059
1.978200	-1.761102	0.918283	0.684858	0.328049	0.845779	0.722936
1.979200	-1.760080	0.917832	0.685735	0.330827	0.844974	0.721639
1.980200	-1.759443	0.917483	0.689030	0.338633	0.844394	0.720757
1.981200	-1.759047	0.917261	0.689770	0.338679	0.843989	0.720129
1.982200	-1.758108	0.916799	0.692915	0.345892	0.843199	0.718905
1.983200	-1.757541	0.916726	0.692669	0.336041	0.842990	0.718425
1.984200	-1.756950	0.916377	0.695439	0.348111	0.842445	0.717658
1.985200	-1.756009	0.915847	0.700763	0.356914	0.841544	0.716295
1.986200	-1.755542	0.915759	0.701080	0.353009	0.841353	0.715931
1.987200	-1.754753	0.915406	0.701935	0.356370	0.840734	0.714931
1.988200	-1.753816	0.914977	0.705799	0.359716	0.839977	0.713746
1.989200	-1.753370	0.914865	0.703325	0.357014	0.839752	0.713330
1.990200	-1.752250	0.914322	0.706223	0.360174	0.838785	0.711789
1.991200	-1.751592	0.914062	0.709734	0.360776	0.838316	0.711031
1.992200	-1.751225	0.913852	0.709489	0.366651	0.837979	0.710547
1.993200	-1.749990	0.913257	0.712931	0.371431	0.836930	0.708894
1.994200	-1.749761	0.913188	0.715658	0.377306	0.836852	0.708799
1.995200	-1.748830	0.912661	0.720043	0.382321	0.835929	0.707396
1.996200	-1.748301	0.912498	0.716986	0.375129	0.835577	0.706712
1.997200	-1.747776	0.912274	0.719640	0.379977	0.835209	0.706179
1.998200	-1.746961	0.911878	0.719557	0.388284	0.834553	0.705160
1.999200	-1.745955	0.911381	0.725515	0.395125	0.833701	0.703880
2.000200	-1.745613	0.911264	0.724554	0.389793	0.833448	0.703406
2.001200	-1.744560	0.910851	0.728052	0.389880	0.832698	0.702199
2.002200	-1.744029	0.910596	0.727613	0.397378	0.832292	0.701598
2.003200	-1.742853	0.910096	0.733595	0.398118	0.831389	0.700155
2.004200	-1.742213	0.909649	0.734821	0.406647	0.830646	0.699070
2.005200	-1.741983	0.909811	0.730636	0.392432	0.830830	0.699153
2.006200	-1.741026	0.909235	0.736710	0.410225	0.829924	0.697893
2.007200	-1.740741	0.909187	0.732964	0.399680	0.829754	0.697495
2.008200	-1.739474	0.908341	0.743937	0.425694	0.828422	0.695648
2.009200	-1.738743	0.908152	0.743054	0.420871	0.828044	0.694968
2.010200	-1.738150	0.907762	0.747723	0.430307	0.827411	0.694073
2.011200	-1.737386	0.907717	0.743439	0.410194	0.827173	0.693455
2.012200	-1.736363	0.906901	0.752519	0.435661	0.825894	0.691687
2.013200	-1.735791	0.906842	0.751625	0.424259	0.825698	0.691268
2.014200	-1.735218	0.906628	0.750487	0.424379	0.825313	0.690614
2.015200	-1.734067	0.905949	0.753829	0.432930	0.824151	0.688870
2.016200	-1.733628	0.905563	0.761979	0.456399	0.823639	0.688320
2.017200	-1.732501	0.905139	0.762891	0.457874	0.822884	0.687085
2.018200	-1.731731	0.904693	0.763508	0.462039	0.822113	0.685886
2.019200	-1.731714	0.904890	0.761148	0.451958	0.822390	0.686224
2.020200	-1.730787	0.904351	0.765011	0.462146	0.821497	0.684914
2.021200	-1.729840	0.903941	0.769061	0.462587	0.820761	0.683735
2.022200	-1.728813	0.903566	0.768474	0.460768	0.820071	0.682595
2.023200	-1.728222	0.903212	0.772880	0.463797	0.819458	0.681680
2.024200	-1.727463	0.902861	0.774278	0.468618	0.818863	0.680800
2.025200	-1.726323	0.902123	0.778680	0.484813	0.817662	0.679065
2.026200	-1.725684	0.901893	0.780310	0.488382	0.817277	0.678443
2.027200	-1.725032	0.901562	0.782419	0.491119	0.816702	0.677581
2.028200	-1.724481	0.901423	0.781463	0.480626	0.816371	0.676948
2.029200	-1.723560	0.900933	0.783737	0.481646	0.815499	0.675608
2.030200	-1.722829	0.900724	0.786458	0.482568	0.815131	0.675030
2.031200	-1.722367	0.900412	0.785663	0.494766	0.814667	0.674348
2.032200	-1.720792	0.899373	0.794243	0.522763	0.813022	0.672085
2.033200	-1.720604	0.899533	0.792410	0.509109	0.813204	0.672174
2.034200	-1.719552	0.898912	0.795307	0.519284	0.812168	0.670687
2.035200	-1.718225	0.898370	0.800618	0.516411	0.811174	0.669099
2.036200	-1.718263	0.898366	0.798941	0.523888	0.811229	0.669217
2.037200	-1.717511	0.898016	0.800745	0.525112	0.810612	0.668262
2.038200	-1.716229	0.897281	0.807453	0.540052	0.809414	0.666553
2.039200	-1.715611	0.896914	0.808632	0.542963	0.808779	0.665619
2.040200	-1.714655	0.896546	0.811062	0.548180	0.808163	0.664643
2.041200	-1.713587	0.895988	0.814626	0.553011	0.807204	0.663227
2.042200	-1.713211	0.895994	0.810169	0.541700	0.807126	0.662950
2.043200	-1.712379	0.895406	0.816317	0.554132	0.806174	0.661633
2.044200	-1.711539	0.895136	0.818738	0.554144	0.805694	0.660857
2.045200	-1.710620	0.894612	0.820088	0.559666	0.804802	0.659543
2.046200	-1.709616	0.894063	0.825791	0.568032	0.803889	0.658200
2.047200	-1.709209	0.894063	0.819517	0.560841	0.803834	0.657969
2.048200	-1.708188	0.893332	0.828915	0.575693	0.802649	0.656375
2.049200	-1.707576	0.893112	0.827439	0.578067	0.802276	0.655756
2.050200	-1.706440	0.892337	0.834969	0.605962	0.801118	0.654230
2.051200	-1.705941	0.892197	0.832561	0.597843	0.800805	0.653658
2.052200	-1.704820	0.891601	0.839813	0.602704	0.799784	0.652198
2.053200	-1.704219	0.891506	0.837223	0.584388	0.799471	0.651474
2.054200	-1.703067	0.890659	0.843741	0.624893	0.798288	0.650033
2.055200	-1.702236	0.890347	0.841504	0.608558	0.797604	0.648815
2.056200	-1.701484	0.889966	0.844858	0.623597	0.797048	0.648080
2.057200	-1.700978	0.889710	0.845889	0.620162	0.796568	0.647304
2.058200	-1.700303	0.889461	0.844457	0.618316	0.796112	0.646574
2.059200	-1.698750	0.888569	0.854516	0.638241	0.794689	0.644595
2.060200	-1.698123	0.888273	0.853769	0.632861	0.794122	0.643687
2.061200	-1.697235	0.887777	0.857932	0.651251	0.793392	0.642704
2.062200	-1.696217	0.887073	0.864300	0.671628	0.792309	0.641266
2.063200	-1.695600	0.886969	0.860549	0.657897	0.792016	0.640646
2.064200	-1.694808	0.886598	0.862667	0.656113	0.791346	0.639643
2.065200	-1.694109	0.886151	0.866722	0.668667	0.790657	0.638688
2.066200	-1.692963	0.885371	0.869735	0.687684	0.789433	0.637023
2.067200	-1.692023	0.885009	0.871635	0.684345	0.788767	0.635978
2.068200	-1.691209	0.884507	0.876178	0.698873	0.787999	0.634939
2.069200	-1.690391	0.884302	0.877772	0.695498	0.787612	0.634263
2.070200	-1.689429	0.883689	0.879927	0.700614	0.786573	0.632807
2.071200	-1.688323	0.882877	0.885393	0.725343	0.785340	0.631134
2.072200	-1.687567	0.882624	0.883999	0.718007	0.784837	0.630312
2.073200	-1.686578	0.882058	0.886540	0.733749	0.783969	0.629085
2.074200	-1.685472	0.881295	0.896642	0.753599	0.782787	0.627543
2.075200	-1.684849	0.881207	0.893985	0.733204	0.782470	0.626857
2.076200	-1.684495	0.881136	0.893583	0.732113	0.782338	0.626638
2.077200	-1.683410	0.880575	0.893950	0.733803	0.781367	0.625188
2.078200	-1.682077	0.879852	0.900154	0.746399	0.780199	0.623523
2.079200	-1.681425	0.879488	0.906148	0.759677	0.779670	0.622889
2.080200	-1.680455	0.878983	0.903946	0.761954	0.778803	0.621555
2.081200	-1.679871	0.878467	0.905003	0.781289	0.778055	0.620605
2.082200	-1.678747	0.878132	0.909746	0.765683	0.777344	0.619412
2.083200	-1.677951	0.877347	0.917330	0.808322	0.776316	0.618271
2.084200	-1.676485	0.876400	0.922155	0.827747	0.774816	0.616185
2.085200	-1.675998	0.876467	0.919188	0.804073	0.774744	0.615866
2.086200	-1.674386	0.875435	0.922674	0.826529	0.773121	0.613659
2.087200	-1.674180	0.875419	0.925098	0.812147	0.772980	0.613352
2.088200	-1.673407	0.874926	0.930141	0.839462	0.772343	0.612600
2.089200	-1.671949	0.874143	0.933176	0.841586	0.770993	0.610633
2.090200	-1.671551	0.874259	0.930136	0.816096	0.770991	0.610376
2.091200	-1.670518	0.873449	0.932303	0.845079	0.769817	0.608902
2.092200	-1.669687	0.873071	0.938641	0.849785	0.769197	0.608036
2.093200	-1.668857	0.872550	0.939151	0.854069	0.768326	0.606809
2.094200	-1.667770	0.871905	0.940638	0.877663	0.767397	0.605530
2.095200	-1.666830	0.871553	0.944260	0.860024	0.766644	0.604323
2.096200	-1.665539	0.870514	0.952503	0.895363	0.765125	0.602431
2.097200	-1.664378	0.869805	0.953372	0.913548	0.764045	0.600953
2.098200	-1.664362	0.870138	0.953140	0.887563	0.764415	0.601315
2.099200	-1.662838	0.869373	0.952773	0.890745	0.763114	0.599368
2.100200	-1.662125	0.868569	0.960017	0.939239	0.762118	0.598335
2.101200	-1.660580	0.867537	0.965777	0.959759	0.760499	0.596164
2.102200	-1.659252	0.867127	0.966388	0.943302	0.759655	0.594763
2.103200	-1.659130	0.866805	0.972603	0.975944	0.759368	0.594621
2.104200	-1.658328	0.866550	0.967628	0.952283	0.758736	0.593508
2.105200	-1.656751	0.865394	0.979525	0.988601	0.757037	0.591378
2.106200	-1.656256	0.865326	0.976424	0.966339	0.756739	0.590768
2.107200	-1.655059	0.864643	0.982106	0.998826	0.755830	0.589603
2.108200	-1.654305	0.864231	0.981691	1.002290	0.755150	0.588644
2.109200	-1.653391	0.863663	0.984804	1.008293	0.754221	0.587381
2.110200	-1.651853	0.862619	0.991948	1.028436	0.752588	0.585239
2.111200	-1.651552	0.862635	0.989383	1.009784	0.752467	0.584909
2.112200	-1.650337	0.861961	0.990797	1.028309	0.751461	0.583518
2.113200	-1.648791	0.860625	1.003546	1.076080	0.749558	0.581283
2.114200	-1.647833	0.860213	1.003455	1.071832	0.748818	0.580171
2.115200	-1.647181	0.860100	1.002362	1.053680	0.748478	0.579491
2.116200	-1.647271	0.860505	0.995112	1.039388	0.749061	0.580092
2.117200	-1.644667	0.858550	1.012579	1.082590	0.746061	0.576265
2.118200	-1.644342	0.858350	1.009774	1.085670	0.745749	0.575810
2.119200	-1.643019	0.857767	1.010656	1.078535	0.744692	0.574205
2.120200	-1.641955	0.856812	1.020014	1.122262	0.743422	0.572821
2.121200	-1.640899	0.856009	1.024494	1.156723	0.742335	0.571523
2.122200	-1.639803	0.855328	1.027694	1.170280	0.741287	0.570157
2.123200	-1.639216	0.855338	1.026646	1.136871	0.741033	0.569493
2.124200	-1.638106	0.854448	1.031992	1.166122	0.739758	0.567963
2.125200	-1.636663	0.853306	1.037799	1.206036	0.738143	0.566002
2.126200	-1.635557	0.852993	1.038470	1.182638	0.737419	0.564791
2.127200	-1.635020	0.852702	1.037691	1.197430	0.737051	0.564312
2.128200	-1.634055	0.852279	1.041484	1.195670	0.736320	0.563241
2.129200	-1.632496	0.851076	1.049245	1.222044	0.734495	0.560968
2.130200	-1.632552	0.851414	1.042553	1.202067	0.734909	0.561299
2.131200	-1.630577	0.849582	1.062241	1.284004	0.732478	0.558613
2.132200	-1.629605	0.849448	1.056074	1.249719	0.731971	0.557559
2.133200	-1.628949	0.849074	1.054100	1.253560	0.731373	0.556704
2.134200	-1.627434	0.847819	1.066460	1.305112	0.729677	0.554802
2.135200	-1.626691	0.847773	1.060377	1.266482	0.729282	0.553925
2.136200	-1.625582	0.846835	1.070210	1.299624	0.727974	0.552404
2.137200	-1.624642	0.846388	1.068576	1.299154	0.727219	0.551321
2.138200	-1.623145	0.845010	1.080845	1.358962	0.725392	0.549296
2.139200	-1.622232	0.844934	1.074407	1.322519	0.724964	0.548322
2.140200	-1.620862	0.843749	1.083880	1.368055	0.723350	0.546509
2.141200	-1.619392	0.842659	1.090288	1.387563	0.721679	0.544387
2.142200	-1.619100	0.842683	1.084893	1.386761	0.721719	0.544307
2.143200	-1.616980	0.840890	1.100620	1.435593	0.719114	0.541211
2.144200	-1.616436	0.840764	1.097715	1.431799	0.718877	0.540814
2.145200	-1.615936	0.840857	1.095927	1.405665	0.718819	0.540495
2.146200	-1.615098	0.840072	1.101545	1.434172	0.717745	0.539261
2.147200	-1.612784	0.838466	1.112346	1.467209	0.715332	0.536240
2.148200	-1.613067	0.838952	1.104593	1.443734	0.715955	0.536876
2.149200	-1.611301	0.837814	1.107290	1.467819	0.714255	0.534629
2.150200	-1.610003	0.836691	1.117575	1.520304	0.712821	0.533143
2.151200	-1.608948	0.836148	1.115649	1.501400	0.711760	0.531527
2.152200	-1.608019	0.835337	1.120524	1.536688	0.710706	0.530383
2.153200	-1.606360	0.834070	1.132764	1.575545	0.708925	0.528301
2.154200	-1.604770	0.833033	1.132936	1.589355	0.707319	0.526225
2.155200	-1.603801	0.832275	1.138301	1.608575	0.706224	0.524875
2.156200	-1.602692	0.831546	1.141045	1.626085	0.705164	0.523574
2.157200	-1.602449	0.831673	1.138024	1.611727	0.705261	0.523512
2.158200	-1.601676	0.831385	1.136959	1.594403	0.704643	0.522566
2.159200	-1.600218	0.830352	1.144813	1.630403	0.703235	0.520900
2.160200	-1.598913	0.829670	1.145320	1.638089	0.702176	0.519493
2.161200	-1.597857	0.828919	1.150707	1.648838	0.701027	0.518097
2.162200	-1.595778	0.827086	1.160307	1.694457	0.698382	0.514973
2.163200	-1.595501	0.827096	1.160166	1.703032	0.698479	0.515040
2.164200	-1.593700	0.825561	1.166621	1.745682	0.696309	0.512556
2.165200	-1.593122	0.825550	1.165040	1.727851	0.696147	0.512147
2.166200	-1.591615	0.824196	1.171507	1.767489	0.694255	0.509939
2.167200	-1.590816	0.823687	1.174618	1.781745	0.693544	0.509108
2.168200	-1.589109	0.822464	1.184140	1.815327	0.691822	0.507103
2.169200	-1.587864	0.821647	1.181715	1.816001	0.690492	0.505298
2.170200	-1.587575	0.821853	1.187227	1.794890	0.690658	0.505389
2.171200	-1.586161	0.820853	1.184777	1.815837	0.689200	0.503514
2.172200	-1.584744	0.819440	1.194282	1.864502	0.687302	0.501445
2.173200	-1.582610	0.817661	1.203243	1.923591	0.684899	0.498768
2.174200	-1.582633	0.818496	1.193901	1.833291	0.685505	0.498877
2.175200	-1.580831	0.816817	1.202974	1.913791	0.683451	0.496748
2.176200	-1.579830	0.816129	1.204220	1.914450	0.682341	0.495347
2.177200	-1.578719	0.814855	1.210373	1.987988	0.680896	0.493914
2.178200	-1.577744	0.814820	1.205554	1.937913	0.680421	0.492891
2.179200	-1.576318	0.813380	1.216010	2.006157	0.678664	0.491130
2.180200	-1.574587	0.812293	1.223376	2.010264	0.676940	0.488945
2.181200	-1.573912	0.811807	1.222834	2.025927	0.676292	0.488183
2.182200	-1.572829	0.811131	1.224258	2.021684	0.675166	0.486709
2.183200	-1.570550	0.809411	1.234784	2.073370	0.672829	0.484062
2.184200	-1.569612	0.808162	1.240481	2.154429	0.671508	0.482915
2.185200	-1.568946	0.808561	1.239431	2.084326	0.671563	0.482471
2.186200	-1.567797	0.807448	1.241604	2.111536	0.670005	0.480681
2.187200	-1.566647	0.806797	1.245095	2.127725	0.669101	0.479620
2.188200	-1.564962	0.805430	1.251660	2.156701	0.667152	0.477429
2.189200	-1.563839	0.804721	1.248108	2.161111	0.666058	0.475949
2.190200	-1.562521	0.803323	1.262805	2.231498	0.664419	0.474395
2.191200	-1.561654	0.802985	1.255075	2.201410	0.663628	0.473169
2.192200	-1.559696	0.800891	1.269181	2.300756	0.661128	0.470718
2.193200	-1.559357	0.801703	1.257375	2.209436	0.661656	0.470645
2.194200	-1.557126	0.799560	1.270865	2.293791	0.658957	0.467820
2.195200	-1.556630	0.799537	1.269989	2.273746	0.658757	0.467408
2.196200	-1.553681	0.796593	1.291272	2.372717	0.654916	0.463429
2.197200	-1.553846	0.797057	1.283696	2.357802	0.655537	0.464017
2.198200	-1.552099	0.795798	1.286619	2.373404	0.653674	0.461734
2.199200	-1.551517	0.795500	1.283408	2.360917	0.653102	0.460855
2.200200	-1.550089	0.794090	1.293172	2.417084	0.651353	0.459211
2.201200	-1.548681	0.793361	1.293555	2.413122	0.650171	0.457638
2.202200	-1.547568	0.792245	1.295840	2.446110	0.648695	0.456030
2.203200	-1.545358	0.790477	1.307874	2.502014	0.646387	0.453578
2.204200	-1.545123	0.790444	1.305006	2.497868	0.646308	0.453372
2.205200	-1.543192	0.788702	1.311220	2.542141	0.643949	0.450773
2.206200	-1.541292	0.787273	1.317617	2.580546	0.642037	0.448726
2.207200	-1.540048	0.786661	1.319125	2.557047	0.640881	0.447134
2.208200	-1.539384	0.786301	1.316597	2.562690	0.640375	0.446498
2.209200	-1.538481	0.785576	1.317288	2.578979	0.639386	0.445330
2.210200	-1.537441	0.784877	1.321258	2.592871	0.638418	0.444262
2.211200	-1.535636	0.783045	1.328371	2.658031	0.636118	0.441910
2.212200	-1.534518	0.782560	1.325681	2.644534	0.635252	0.440637
2.213200	-1.532847	0.781167	1.334527	2.672409	0.633325	0.438563
2.214200	-1.530603	0.778757	1.346025	2.771200	0.630431	0.435699
2.215200	-1.529510	0.778625	1.337613	2.721865	0.629809	0.434552
2.216200	-1.528808	0.777989	1.342279	2.747380	0.629051	0.433881
2.217200	-1.527420	0.776701	1.352677	2.800849	0.627522	0.432338
2.218200	-1.526547	0.775572	1.354615	2.829843	0.626032	0.430822
2.219200	-1.525390	0.775590	1.352724	2.786100	0.625692	0.430046
2.220200	-1.522964	0.772654	1.365467	2.904251	0.622182	0.426720
2.221200	-1.521717	0.771969	1.365059	2.894004	0.621047	0.425206
2.222200	-1.519969	0.770634	1.367396	2.918882	0.619214	0.423168
2.223200	-1.518523	0.769120	1.377385	2.968577	0.617327	0.421329
2.224200	-1.517645	0.768198	1.376232	3.008147	0.616264	0.420284
2.225200	-1.517617	0.769724	1.369060	2.899747	0.617680	0.421084
2.226200	-1.515797	0.767956	1.372432	2.946232	0.615377	0.418707
2.227200	-1.513533	0.765468	1.382029	3.046404	0.612444	0.415792
2.228200	-1.511883	0.763922	1.389911	3.085627	0.610434	0.413764
2.229200	-1.511091	0.763943	1.383217	3.050171	0.610170	0.413185
2.230200	-1.509209	0.761844	1.396276	3.118592	0.607574	0.410647
2.231200	-1.508489	0.761653	1.391404	3.104433	0.607173	0.409927
2.232200	-1.506624	0.759927	1.395980	3.140405	0.604872	0.407527
2.233200	-1.505818	0.759209	1.395583	3.168744	0.604041	0.406748
2.234200	-1.504466	0.758174	1.404934	3.181861	0.602597	0.405184
2.235200	-1.502988	0.757151	1.407121	3.197686	0.601197	0.403695
2.236200	-1.500813	0.754981	1.413221	3.258788	0.598462	0.400866
2.237200	-1.499883	0.754589	1.414145	3.246962	0.597780	0.399982
2.238200	-1.496780	0.751250	1.423323	3.355333	0.593711	0.395956
2.239200	-1.497082	0.751814	1.415093	3.314556	0.594217	0.396271
2.240200	-1.495659	0.751014	1.419124	3.328805	0.593152	0.395104
2.241200	-1.494419	0.749582	1.422476	3.367969	0.591359	0.393325
2.242200	-1.493132	0.748924	1.426185	3.377326	0.590467	0.392346
2.243200	-1.490193	0.745602	1.436318	3.465642	0.586290	0.388220
2.244200	-1.489438	0.745150	1.433948	3.491197	0.585853	0.387767
2.245200	-1.488991	0.745468	1.435538	3.434396	0.585843	0.387448
2.246200	-1.487598	0.743671	1.436964	3.515212	0.583890	0.385677
2.247200	-1.484995	0.741055	1.449623	3.574499	0.580540	0.382318
2.248200	-1.484889	0.741964	1.439366	3.509740	0.581333	0.382732
2.249200	-1.482790	0.739918	1.443642	3.564787	0.578799	0.380208
2.250200	-1.480560	0.737405	1.454221	3.639416	0.575756	0.377314
2.251200	-1.478002	0.734857	1.461360	3.703050	0.572579	0.374172
2.252200	-1.478408	0.736005	1.454541	3.653987	0.573849	0.375232
2.253200	-1.476630	0.734546	1.461857	3.690141	0.572037	0.373384
2.254200	-1.475590	0.733321	1.468089	3.729846	0.570602	0.372152
2.255200	-1.473018	0.730951	1.473078	3.766654	0.567472	0.368900
2.256200	-1.471507	0.729465	1.471260	3.798389	0.565596	0.366976
2.257200	-1.470923	0.729403	1.464147	3.778736	0.565346	0.366492
2.258200	-1.469716	0.728386	1.476746	3.822849	0.564268	0.365646
2.259200	-1.468892	0.727898	1.468947	3.796955	0.563344	0.364442
2.260200	-1.466455	0.725709	1.479563	3.841040	0.560566	0.361633
2.261200	-1.465406	0.724519	1.479206	3.903182	0.559404	0.360656
2.262200	-1.463174	0.722589	1.481065	3.920025	0.556774	0.357899
2.263200	-1.461825	0.721050	1.491036	3.968608	0.554998	0.356407
2.264200	-1.460053	0.719533	1.489491	3.988856	0.553007	0.354291
2.265200	-1.457934	0.717370	1.491607	4.045100	0.550413	0.351780
2.266200	-1.457962	0.717917	1.488520	4.005332	0.550861	0.351986
2.267200	-1.455957	0.715929	1.492841	4.057465	0.548488	0.349788
2.268200	-1.453876	0.714060	1.497956	4.095864	0.546172	0.347469
2.269200	-1.452946	0.713664	1.497234	4.094054	0.545606	0.346812
2.270200	-1.451660	0.711950	1.503587	4.139580	0.543582	0.345063
2.271200	-1.450662	0.711253	1.506328	4.174613	0.542918	0.344484
2.272200	-1.448568	0.709049	1.507712	4.193569	0.539972	0.341513
2.273200	-1.447779	0.709451	1.500248	4.147519	0.540150	0.341267
2.274200	-1.446201	0.707299	1.503256	4.218355	0.537746	0.339131
2.275200	-1.444574	0.706037	1.509572	4.225591	0.536044	0.337465
2.276200	-1.441732	0.703147	1.512022	4.297787	0.532629	0.334251
2.277200	-1.440500	0.702026	1.515865	4.313368	0.531210	0.332834
2.278200	-1.440127	0.701526	1.520239	4.343101	0.530789	0.332631
2.279200	-1.437731	0.699187	1.516170	4.387514	0.527925	0.329821
2.280200	-1.435682	0.696991	1.530129	4.458943	0.525513	0.327849
2.281200	-1.434748	0.696446	1.518613	4.421100	0.524433	0.326406
2.282200	-1.433866	0.696405	1.516396	4.395644	0.524166	0.325865
2.283200	-1.431137	0.692953	1.531031	4.508182	0.520391	0.322757
2.284200	-1.430036	0.691741	1.525820	4.538193	0.518998	0.321475
2.285200	-1.429184	0.692348	1.522721	4.458284	0.519143	0.320976
2.286200	-1.426842	0.689526	1.528706	4.518188	0.515795	0.318048
2.287200	-1.426823	0.690241	1.524320	4.481077	0.516469	0.318409
2.288200	-1.424770	0.687436	1.529258	4.567072	0.513390	0.315794
2.289200	-1.422262	0.684876	1.534892	4.626509	0.510426	0.313166
2.290200	-1.421627	0.685115	1.530493	4.602475	0.510557	0.313013
2.291200	-1.418945	0.681279	1.550540	4.740741	0.506571	0.310033
2.292200	-1.417354	0.679940	1.535507	4.714474	0.504531	0.307629
2.293200	-1.416435	0.679510	1.536137	4.728290	0.504089	0.307266
2.294200	-1.416130	0.679912	1.531668	4.682105	0.504241	0.307062
2.295200	-1.414182	0.677897	1.538113	4.729386	0.501946	0.305085
2.296200	-1.410694	0.673356	1.547263	4.862836	0.497025	0.300952
2.297200	-1.410504	0.673968	1.546145	4.814346	0.497434	0.301056
2.298200	-1.409322	0.672695	1.547728	4.836724	0.495940	0.299786
2.299200	-1.406583	0.670248	1.541089	4.852614	0.492814	0.296605
2.300200	-1.405474	0.669123	1.544389	4.877076	0.491547	0.295533
2.301200	-1.403773	0.667017	1.547388	4.936180	0.489283	0.293642
2.302200	-1.402732	0.667219	1.538426	4.878730	0.489055	0.292923
2.303200	-1.401225	0.665321	1.544822	4.922099	0.486935	0.291149
2.304200	-1.399462	0.663542	1.549449	4.974446	0.485062	0.289679
2.305200	-1.397608	0.661464	1.551018	4.999479	0.482553	0.287351
2.306200	-1.397073	0.660956	1.548435	5.010931	0.482005	0.286860
2.307200	-1.395366	0.659543	1.548351	5.019788	0.480238	0.285170
2.308200	-1.393171	0.657215	1.546936	5.048034	0.477446	0.282604
2.309200	-1.392670	0.657315	1.539440	5.016941	0.477317	0.282182
2.310200	-1.391134	0.656276	1.539887	5.020198	0.476002	0.280971
2.311200	-1.389093	0.653177	1.550672	5.126846	0.472926	0.278732
2.312200	-1.387139	0.651659	1.556602	5.144216	0.471122	0.277061
2.313200	-1.385828	0.650012	1.556703	5.184368	0.469362	0.275653
2.314200	-1.384784	0.649118	1.554166	5.176712	0.468151	0.274457
2.315200	-1.382224	0.646180	1.557870	5.226699	0.464818	0.271554
2.316200	-1.382011	0.647372	1.549358	5.158528	0.465763	0.271934
2.317200	-1.378519	0.642158	1.560950	5.319837	0.460519	0.268104
2.318200	-1.377493	0.641216	1.553904	5.305001	0.459198	0.266705
2.319200	-1.376315	0.640491	1.554037	5.314223	0.458373	0.265910
2.320200	-1.375269	0.640008	1.550477	5.294211	0.457594	0.264957
2.321200	-1.373648	0.638412	1.546531	5.297615	0.455605	0.263141
2.322200	-1.371129	0.635808	1.553311	5.351118	0.452793	0.260804
2.323200	-1.370747	0.635748	1.539991	5.315040	0.452410	0.260133
2.324200	-1.368116	0.632301	1.546857	5.393850	0.448775	0.257362
2.325200	-1.366368	0.630713	1.554368	5.425868	0.447081	0.255968
2.326200	-1.364864	0.629411	1.553047	5.428471	0.445486	0.254486
2.327200	-1.363623	0.627930	1.555682	5.485321	0.444161	0.253664
2.328200	-1.362539	0.626906	1.551653	5.461576	0.442682	0.252168
2.329200	-1.360349	0.624757	1.546721	5.490584	0.440277	0.250004
2.330200	-1.358913	0.623216	1.548409	5.512364	0.438573	0.248581
2.331200	-1.357311	0.621717	1.542014	5.515844	0.436760	0.246912
2.332200	-1.356092	0.621006	1.549577	5.526453	0.435996	0.246270
2.333200	-1.353045	0.617123	1.544808	5.570906	0.431614	0.242593
2.334200	-1.353193	0.618359	1.547269	5.541655	0.432896	0.243565
2.335200	-1.351439	0.616644	1.540409	5.553751	0.430911	0.241721
2.336200	-1.349321	0.613130	1.548355	5.662459	0.427603	0.239539
2.337200	-1.348522	0.612970	1.539797	5.624063	0.427078	0.238779
2.338200	-1.348060	0.613321	1.533864	5.560134	0.426947	0.238286
2.339200	-1.344635	0.608519	1.545754	5.684169	0.422234	0.234858
2.340200	-1.344421	0.608696	1.540774	5.658849	0.422241	0.234755
2.341200	-1.341663	0.606586	1.536607	5.647631	0.419596	0.232233
2.342200	-1.340625	0.604606	1.540429	5.711930	0.417808	0.231130
2.343200	-1.339145	0.603879	1.537116	5.691702	0.416767	0.230047
2.344200	-1.338681	0.603481	1.534942	5.697990	0.416366	0.229689
2.345200	-1.337164	0.602681	1.530046	5.665838	0.415129	0.228363
2.346200	-1.333818	0.597791	1.532739	5.759172	0.410136	0.224612
2.347200	-1.333246	0.597960	1.532900	5.732352	0.410114	0.224455
2.348200	-1.330962	0.594938	1.534539	5.800907	0.407161	0.222321
2.349200	-1.329891	0.594213	1.528592	5.775125	0.406085	0.221235
2.350200	-1.328623	0.593035	1.530342	5.797216	0.404912	0.220270
2.351200	-1.328167	0.593110	1.525879	5.783919	0.404901	0.220097
2.352200	-1.324654	0.588540	1.527180	5.836571	0.400007	0.216278
2.353200	-1.324501	0.588798	1.520014	5.826437	0.400241	0.216391
2.354200	-1.322310	0.586196	1.515982	5.838684	0.397319	0.214010
2.355200	-1.322006	0.586772	1.513777	5.805449	0.397712	0.214106
2.356200	-1.318700	0.582676	1.516598	5.847402	0.393330	0.210691
2.357200	-1.317277	0.580715	1.514353	5.897020	0.391529	0.209454
2.358200	-1.316986	0.581780	1.516515	5.859190	0.392441	0.209906
2.359200	-1.315054	0.579770	1.512900	5.860901	0.390145	0.208001
2.360200	-1.313603	0.577923	1.514263	5.892116	0.388317	0.206712
2.361200	-1.312949	0.578348	1.506027	5.814867	0.388119	0.206061
2.362200	-1.310560	0.574838	1.508591	5.905571	0.384931	0.203936
2.363200	-1.307970	0.571146	1.501998	5.947171	0.381107	0.200968
2.364200	-1.307508	0.571674	1.496761	5.900094	0.381299	0.200840
2.365200	-1.305479	0.569098	1.500792	5.940594	0.378758	0.199054
2.366200	-1.304611	0.568627	1.493529	5.923530	0.378087	0.198366
2.367200	-1.303806	0.567564	1.494565	5.949049	0.377139	0.197735
2.368200	-1.301285	0.564449	1.492278	5.995310	0.374064	0.195516
2.369200	-1.300233	0.564347	1.494202	5.947007	0.373525	0.194870
2.370200	-1.297910	0.561012	1.491586	6.015069	0.370426	0.192663
2.371200	-1.296349	0.559169	1.486838	6.015465	0.368388	0.191012
2.372200	-1.294659	0.557956	1.488357	5.994591	0.366863	0.189688
2.373200	-1.293656	0.556758	1.477322	5.996894	0.365573	0.188608
2.374200	-1.293137	0.557088	1.478490	5.959223	0.365614	0.188429
2.375200	-1.290334	0.552380	1.481387	6.054903	0.361301	0.185624
2.376200	-1.290021	0.553064	1.474301	6.014034	0.361702	0.185641
2.377200	-1.288705	0.551467	1.472302	6.039727	0.360201	0.184599
2.378200	-1.286769	0.549677	1.467234	6.037988	0.358237	0.182952
2.379200	-1.285871	0.549049	1.471384	6.033476	0.357529	0.182428
2.380200	-1.283435	0.546630	1.465546	6.035778	0.354923	0.180356
2.381200	-1.282340	0.545574	1.460047	6.031842	0.353757	0.179398
2.382200	-1.280933	0.544323	1.458660	6.033909	0.352436	0.178383
2.383200	-1.280057	0.543497	1.455303	6.019822	0.351429	0.177527
2.384200	-1.279232	0.542460	1.454293	6.034853	0.350467	0.176887
2.385200	-1.275815	0.537900	1.449559	6.078402	0.345970	0.173666
2.386200	-1.273946	0.535848	1.450618	6.098395	0.343977	0.172287
2.387200	-1.273457	0.536310	1.447539	6.051717	0.344060	0.172019
2.388200	-1.272380	0.535125	1.446814	6.072605	0.343009	0.171379
2.389200	-1.269546	0.531525	1.437017	6.081076	0.339273	0.168435
2.390200	-1.268727	0.531227	1.435511	6.046142	0.338653	0.167807
2.391200	-1.267493	0.529674	1.431207	6.073946	0.337289	0.167005
2.392200	-1.266188	0.528735	1.428968	6.058897	0.336178	0.166066
2.393200	-1.265481	0.527872	1.423953	6.065558	0.335352	0.165411
2.394200	-1.262885	0.524880	1.421116	6.057846	0.332154	0.163030
2.395200	-1.261415	0.523433	1.422861	6.076119	0.330832	0.162139
2.396200	-1.260955	0.522671	1.420641	6.082233	0.330115	0.161678
2.397200	-1.258557	0.519713	1.411282	6.087217	0.327103	0.159458
2.398200	-1.258645	0.521426	1.413152	6.042978	0.328496	0.160148
2.399200	-1.257176	0.519985	1.410414	6.054190	0.327123	0.159149
2.400200	-1.254586	0.515379	1.404050	6.089640	0.322710	0.156248
2.401200	-1.253519	0.514803	1.405492	6.084339	0.322091	0.155720
2.402200	-1.251260	0.512119	1.401453	6.097621	0.319484	0.153891
2.403200	-1.250195	0.511334	1.393336	6.063596	0.318384	0.152862
2.404200	-1.249022	0.510631	1.398935	6.084440	0.317885	0.152624
2.405200	-1.247630	0.508499	1.394740	6.101783	0.315899	0.151404
2.406200	-1.246497	0.507398	1.392198	6.101137	0.314799	0.150573
2.407200	-1.244835	0.505802	1.388893	6.095586	0.313153	0.149355
2.408200	-1.243141	0.503683	1.386255	6.091465	0.310999	0.147740
2.409200	-1.241855	0.502867	1.378877	6.079744	0.310091	0.147038
2.410200	-1.241214	0.502215	1.372761	6.043190	0.309116	0.146093
2.411200	-1.239123	0.499922	1.368167	6.061510	0.307014	0.144673
2.412200	-1.238359	0.499375	1.365484	6.065801	0.306532	0.144352
2.413200	-1.237222	0.498823	1.368187	6.030155	0.305668	0.143618
2.414200	-1.235213	0.495854	1.359507	6.053034	0.302954	0.141829
2.415200	-1.233063	0.493719	1.362044	6.047886	0.300816	0.140349
2.416200	-1.232695	0.493613	1.353441	6.039740	0.300659	0.140100
2.417200	-1.231703	0.491954	1.354814	6.055954	0.299200	0.139274
2.418200	-1.229606	0.490030	1.352814	6.042712	0.297209	0.137833
2.419200	-1.227824	0.487770	1.344237	6.020299	0.294811	0.136029
2.420200	-1.227696	0.488564	1.345885	6.028510	0.295688	0.136691
2.421200	-1.225961	0.486174	1.340905	6.041223	0.293501	0.135221
2.422200	-1.224896	0.485855	1.338334	6.006529	0.292887	0.134542
2.423200	-1.224154	0.484253	1.333006	6.017723	0.291463	0.133657
2.424200	-1.221908	0.481791	1.327097	6.003844	0.288976	0.131924
2.425200	-1.220182	0.480102	1.326683	6.007556	0.287411	0.130871
2.426200	-1.220348	0.480629	1.323245	5.994002	0.287811	0.131057
2.427200	-1.217426	0.477312	1.317736	5.990774	0.284626	0.128893
2.428200	-1.215468	0.475029	1.307945	5.964644	0.282229	0.127089
2.429200	-1.214194	0.473175	1.310970	5.984874	0.280686	0.126358
2.430200	-1.213744	0.473242	1.302823	5.972819	0.280658	0.126117
2.431200	-1.212629	0.472532	1.302813	5.942938	0.279726	0.125420
2.432200	-1.211618	0.471712	1.301037	5.953883	0.279079	0.125031
2.433200	-1.209031	0.467919	1.297316	5.964150	0.275636	0.122815
2.434200	-1.209336	0.468959	1.293717	5.945280	0.276454	0.123232
2.435200	-1.207079	0.466005	1.285848	5.927196	0.273543	0.121263
2.436200	-1.207298	0.467681	1.282063	5.900817	0.274880	0.121907
2.437200	-1.205688	0.465206	1.285359	5.926105	0.272835	0.120788
2.438200	-1.204437	0.463903	1.287515	5.915579	0.271547	0.119968
2.439200	-1.202142	0.460897	1.274886	5.896698	0.268611	0.117946
2.440200	-1.201363	0.459927	1.272021	5.897808	0.267751	0.117386
2.441200	-1.200520	0.459863	1.268994	5.899555	0.267731	0.117348
2.442200	-1.198161	0.457005	1.262832	5.861909	0.264775	0.115240
2.443200	-1.196994	0.456496	1.263189	5.869520	0.264406	0.115049
2.444200	-1.196905	0.456273	1.261414	5.866055	0.264192	0.114939
2.445200	-1.194449	0.452839	1.249682	5.855920	0.260996	0.112859
2.446200	-1.193219	0.451768	1.253981	5.859149	0.260081	0.112319
2.447200	-1.191498	0.449406	1.244757	5.832685	0.257722	0.110747
2.448200	-1.190536	0.448992	1.241740	5.820243	0.257255	0.110373
2.449200	-1.189828	0.448576	1.239612	5.810886	0.256814	0.110002
2.450200	-1.188972	0.448310	1.240015	5.797161	0.256467	0.109731
2.451200	-1.187527	0.445948	1.238384	5.810236	0.254503	0.108616
2.452200	-1.187210	0.446303	1.229905	5.782056	0.254572	0.108418
2.453200	-1.184670	0.443236	1.225825	5.782232	0.251868	0.106839
2.454200	-1.184223	0.442896	1.225126	5.767275	0.251446	0.106462
2.455200	-1.181576	0.439314	1.219013	5.757300	0.248213	0.104502
2.456200	-1.181570	0.440092	1.218126	5.734948	0.248705	0.104612
2.457200	-1.179436	0.437285	1.212276	5.743171	0.246343	0.103298
2.458200	-1.179126	0.437598	1.209722	5.746746	0.246675	0.103476
2.459200	-1.177616	0.435581	1.204445	5.714973	0.244631	0.102135
2.460200	-1.176121	0.433776	1.195561	5.698323	0.242923	0.100922
2.461200	-1.175168	0.433269	1.198049	5.708581	0.242605	0.100883
2.462200	-1.174795	0.433485	1.195434	5.679785	0.242538	0.100567
2.463200	-1.172659	0.430263	1.186347	5.676477	0.239744	0.098910
2.464200	-1.171041	0.429110	1.183303	5.649579	0.238517	0.098070
2.465200	-1.170815	0.429406	1.187839	5.653371	0.238830	0.098269
2.466200	-1.169116	0.427053	1.177494	5.633463	0.236645	0.096888
2.467200	-1.167995	0.426151	1.173914	5.623818	0.235804	0.096376
2.468200	-1.166366	0.423932	1.173864	5.615098	0.233856	0.095245
2.469200	-1.164849	0.421704	1.165351	5.589603	0.231748	0.093880
2.470200	-1.163800	0.421854	1.163572	5.577658	0.231781	0.093802
2.471200	-1.163658	0.422367	1.158211	5.549950	0.231968	0.093742
2.472200	-1.161804	0.419502	1.158613	5.571018	0.229781	0.092609
2.473200	-1.161623	0.419904	1.158921	5.562096	0.230054	0.092764
2.474200	-1.159484	0.416988	1.148446	5.530327	0.227328	0.091022
2.475200	-1.158638	0.415996	1.146067	5.519983	0.226424	0.090523
2.476200	-1.156527	0.414118	1.144504	5.501959	0.224712	0.089382
2.477200	-1.155578	0.412569	1.137246	5.518394	0.223612	0.088788
2.478200	-1.155373	0.413067	1.137375	5.497379	0.223842	0.088833
2.479200	-1.155179	0.413605	1.139541	5.484230	0.224181	0.089035
2.480200	-1.153417	0.412002	1.131784	5.464903	0.222691	0.088020
2.481200	-1.151487	0.409289	1.125825	5.444172	0.220284	0.086616
2.482200	-1.149766	0.406696	1.123621	5.452745	0.218272	0.085579
2.483200	-1.150252	0.408030	1.123283	5.442445	0.219280	0.086059
2.484200	-1.148648	0.406277	1.119347	5.420907	0.217665	0.085071
2.485200	-1.147240	0.404742	1.119230	5.414192	0.216376	0.084349
2.486200	-1.147080	0.405394	1.112568	5.384277	0.216635	0.084273
2.487200	-1.145192	0.403073	1.110768	5.379574	0.214734	0.083237
2.488200	-1.143649	0.401203	1.096037	5.352032	0.212983	0.082074
2.489200	-1.142645	0.400778	1.102235	5.338196	0.212529	0.081841
2.490200	-1.141892	0.399076	1.101830	5.351575	0.211319	0.081306
2.491200	-1.140251	0.398197	1.096983	5.323872	0.210369	0.080634
2.492200	-1.139620	0.397499	1.090156	5.311177	0.209710	0.080162
2.493200	-1.138499	0.396379	1.089947	5.311571	0.208846	0.079717
2.494200	-1.137567	0.395661	1.083854	5.287461	0.208063	0.079134
2.495200	-1.135950	0.393643	1.080170	5.265889	0.206281	0.078137
2.496200	-1.136721	0.395590	1.079484	5.260273	0.207783	0.078848
2.497200	-1.134105	0.391681	1.074961	5.259565	0.204720	0.077237
2.498200	-1.133630	0.391574	1.074854	5.236659	0.204433	0.077045
2.499200	-1.131576	0.389027	1.067154	5.228630	0.202386	0.075976
2.500200	-1.130989	0.389068	1.061994	5.195831	0.202119	0.075565
2.501200	-1.130850	0.388939	1.063138	5.200672	0.202085	0.075609
2.502200	-1.128522	0.387162	1.057226	5.161390	0.200343	0.074450
2.503200	-1.127999	0.385854	1.058145	5.178859	0.199523	0.074195
2.504200	-1.126592	0.384627	1.048744	5.148978	0.198305	0.073367
2.505200	-1.126179	0.384694	1.051632	5.144764	0.198335	0.073358
2.506200	-1.125168	0.384437	1.046967	5.120766	0.197923	0.073012
2.507200	-1.123053	0.380452	1.037184	5.100993	0.194701	0.071327
2.508200	-1.123262	0.381977	1.039867	5.107010	0.195943	0.071912
2.509200	-1.121360	0.378845	1.030495	5.063746	0.193156	0.070341
2.510200	-1.120308	0.377772	1.030599	5.069988	0.192425	0.070017
2.511200	-1.119188	0.377789	1.029170	5.043855	0.192202	0.069772
2.512200	-1.119003	0.377328	1.030424	5.056341	0.191996	0.069733
2.513200	-1.117465	0.375500	1.020287	5.036450	0.190444	0.068781
2.514200	-1.116894	0.375604	1.023844	5.032132	0.190499	0.068851
2.515200	-1.115453	0.373576	1.017184	5.008029	0.188763	0.067943
2.516200	-1.114599	0.373304	1.014847	4.976479	0.188269	0.067484
2.517200	-1.114125	0.372710	1.009032	4.960005	0.187683	0.067073
2.518200	-1.112268	0.370831	1.008509	4.956621	0.186273	0.066412
2.519200	-1.111442	0.369312	1.005209	4.958992	0.185191	0.065915
2.520200	-1.109555	0.367175	0.997839	4.929833	0.183349	0.064889
2.521200	-1.109813	0.368035	0.994648	4.912265	0.183828	0.064973
2.522200	-1.108489	0.366978	0.993520	4.897393	0.182923	0.064466
2.523200	-1.107861	0.367060	0.993898	4.892391	0.182954	0.064466
2.524200	-1.106409	0.364781	0.992767	4.881893	0.181201	0.063664
2.525200	-1.105864	0.363936	0.988170	4.870673	0.180494	0.063212
2.526200	-1.105631	0.365248	0.985741	4.849069	0.181257	0.063406
2.527200	-1.103660	0.362724	0.978287	4.840745	0.179356	0.062457
2.528200	-1.102555	0.361270	0.975076	4.818163	0.178099	0.061763
2.529200	-1.101667	0.360403	0.975750	4.801543	0.177328	0.061404
2.530200	-1.100848	0.360133	0.971307	4.796827	0.177105	0.061197
2.531200	-1.099818	0.358957	0.973391	4.779334	0.176106	0.060711
2.532200	-1.098540	0.357450	0.966136	4.764657	0.174900	0.060070
2.533200	-1.097433	0.356649	0.963501	4.745522	0.174157	0.059619
2.534200	-1.097007	0.356180	0.963575	4.749377	0.173879	0.059502
2.535200	-1.095479	0.354019	0.957333	4.717865	0.172051	0.058546
2.536200	-1.094718	0.353768	0.952025	4.705510	0.171770	0.058305
2.537200	-1.093576	0.352286	0.953062	4.693857	0.170626	0.057787
2.538200	-1.093047	0.352604	0.951521	4.682539	0.170756	0.057749
2.539200	-1.091628	0.350325	0.940386	4.646152	0.168812	0.056682
2.540200	-1.090711	0.350004	0.943689	4.643315	0.168577	0.056568
2.541200	-1.090110	0.349111	0.938449	4.620903	0.167748	0.056070
2.542200	-1.089624	0.349733	0.940995	4.635296	0.168344	0.056389
2.543200	-1.088004	0.347732	0.931001	4.597399	0.166590	0.055398
2.544200	-1.086890	0.346547	0.934128	4.591737	0.165729	0.055083
2.545200	-1.086714	0.346350	0.931095	4.592176	0.165614	0.054995
2.546200	-1.084843	0.344745	0.927158	4.543307	0.164037	0.054079
2.547200	-1.084330	0.343942	0.927002	4.568063	0.163748	0.054049
2.548200	-1.083285	0.342669	0.919313	4.534085	0.162554	0.053346
2.549200	-1.082700	0.342801	0.917362	4.518760	0.162510	0.053217
2.550200	-1.080948	0.340673	0.913926	4.495342	0.160839	0.052411
2.551200	-1.080569	0.340160	0.910880	4.483236	0.160387	0.052153
2.552200	-1.080160	0.340315	0.913301	4.485486	0.160532	0.052245
2.553200	-1.078163	0.338493	0.906128	4.461933	0.159079	0.051490
2.554200	-1.078406	0.338761	0.908466	4.464482	0.159303	0.051599
2.555200	-1.076915	0.336735	0.902751	4.449393	0.157801	0.050926
2.556200	-1.075744	0.335967	0.904500	4.438471	0.157193	0.050655
2.557200	-1.074719	0.334554	0.897898	4.414267	0.156021	0.049984
2.558200	-1.074706	0.336278	0.898114	4.408295	0.157135	0.050413
2.559200	-1.073208	0.334172	0.889311	4.373029	0.155387	0.049478
2.560200	-1.072780	0.334327	0.893389	4.389224	0.155670	0.049733
2.561200	-1.071830	0.332154	0.883110	4.357550	0.153923	0.048800
2.562200	-1.071046	0.332684	0.885465	4.344308	0.154159	0.048836
2.563200	-1.070881	0.332897	0.886777	4.352455	0.154399	0.048997
2.564200	-1.068681	0.329445	0.878671	4.314201	0.151747	0.047725
2.565200	-1.067684	0.328435	0.876629	4.303863	0.150996	0.047347
2.566200	-1.067638	0.328656	0.874083	4.302088	0.151140	0.047414
2.567200	-1.066279	0.327067	0.871970	4.272697	0.149820	0.046734
2.568200	-1.065951	0.327944	0.871676	4.284480	0.150529	0.047020
2.569200	-1.063864	0.326142	0.868497	4.251828	0.149040	0.046252
2.570200	-1.063995	0.326142	0.865386	4.250242	0.149040	0.046250
2.571200	-1.063065	0.324947	0.862774	4.232307	0.148099	0.045781
2.572200	-1.061720	0.323841	0.858728	4.204711	0.147121	0.045227
2.573200	-1.061086	0.322604	0.855729	4.190374	0.146193	0.044858
2.574200	-1.060907	0.323637	0.856866	4.191199	0.146885	0.045115
2.575200	-1.059892	0.322336	0.856246	4.188380	0.146033	0.044764
2.576200	-1.058463	0.320879	0.848512	4.156480	0.144791	0.044089
2.577200	-1.057545	0.319895	0.844469	4.142359	0.144034	0.043736
2.578200	-1.057240	0.319718	0.847966	4.144617	0.143961	0.043756
2.579200	-1.056005	0.318958	0.842588	4.118824	0.143231	0.043298
2.580200	-1.055075	0.317638	0.840155	4.107089	0.142289	0.042880
2.581200	-1.054667	0.317959	0.840066	4.104621	0.142484	0.042956
2.582200	-1.054005	0.317250	0.837108	4.091231	0.141914	0.042689
2.583200	-1.052992	0.315877	0.833361	4.066474	0.140811	0.042121
2.584200	-1.051870	0.315101	0.832899	4.062765	0.140300	0.041911
2.585200	-1.050957	0.314234	0.830908	4.051046	0.139652	0.041608
2.586200	-1.049509	0.312300	0.824139	4.011255	0.138054	0.040771
2.587200	-1.049783	0.313190	0.825727	4.028252	0.138798	0.041167
2.588200	-1.048661	0.312754	0.828086	4.018225	0.138440	0.041024
2.589200	-1.048247	0.312396	0.824113	4.002630	0.138074	0.040761
2.590200	-1.046602	0.310807	0.821655	3.982973	0.136901	0.040253
2.591200	-1.046189	0.310488	0.813392	3.960364	0.136489	0.039910
2.592200	-1.045638	0.310061	0.814027	3.949667	0.136132	0.039729
2.593200	-1.044556	0.308108	0.811752	3.923506	0.134675	0.039124
2.594200	-1.043458	0.308149	0.811891	3.925087	0.134731	0.039151
2.595200	-1.043193	0.308221	0.809051	3.924147	0.134781	0.039173
2.596200	-1.042602	0.308270	0.809930	3.925878	0.134844	0.039189
2.597200	-1.040637	0.305804	0.803030	3.876187	0.132841	0.038158
2.598200	-1.041014	0.306675	0.804092	3.891634	0.133547	0.038517
2.599200	-1.039685	0.305107	0.799750	3.870962	0.132393	0.037982
2.600200	-1.038923	0.304481	0.797894	3.862030	0.131935	0.037764
2.601200	-1.037863	0.303221	0.799110	3.849790	0.131061	0.037459
2.602200	-1.037313	0.303027	0.790464	3.833938	0.130797	0.037212
2.603200	-1.036383	0.302791	0.792892	3.817001	0.130496	0.037056
2.604200	-1.035901	0.301844	0.790026	3.807386	0.129841	0.036741
2.605200	-1.034484	0.300242	0.786247	3.784175	0.128655	0.036187
2.606200	-1.034054	0.299466	0.783032	3.774230	0.128103	0.035988
2.607200	-1.033177	0.298828	0.781251	3.760771	0.127599	0.035756
2.608200	-1.032792	0.299208	0.784531	3.769312	0.127929	0.035955
2.609200	-1.031527	0.298098	0.782394	3.745361	0.127036	0.035496
2.610200	-1.031178	0.298007	0.778320	3.733031	0.126871	0.035381
2.611200	-1.030013	0.297061	0.776535	3.723904	0.126229	0.035058
2.612200	-1.029482	0.296520	0.773336	3.708549	0.125766	0.034849
2.613200	-1.028845	0.296185	0.774153	3.702369	0.125518	0.034754
2.614200	-1.027709	0.294777	0.768477	3.675198	0.124424	0.034244
2.615200	-1.026727	0.293936	0.766009	3.667974	0.123869	0.033975
2.616200	-1.026042	0.293941	0.767084	3.658566	0.123790	0.033920
2.617200	-1.025813	0.293880	0.766481	3.663790	0.123822	0.033992
2.618200	-1.025321	0.293191	0.765158	3.652057	0.123312	0.033760
2.619200	-1.023424	0.291158	0.757701	3.606173	0.121668	0.032941
2.620200	-1.023620	0.292190	0.760235	3.619411	0.122420	0.033272
2.621200	-1.022770	0.290772	0.757853	3.607265	0.121484	0.032937
2.622200	-1.021993	0.290500	0.755929	3.600158	0.121267	0.032819
2.623200	-1.021580	0.289820	0.753592	3.589324	0.120775	0.032575
2.624200	-1.020851	0.289275	0.752187	3.583485	0.120414	0.032460
2.625200	-1.019080	0.288297	0.747892	3.555605	0.119577	0.032007
2.626200	-1.018891	0.287463	0.747330	3.560162	0.119157	0.031913
2.627200	-1.017643	0.286731	0.744710	3.532591	0.118468	0.031533
2.628200	-1.017163	0.286781	0.745799	3.521991	0.118402	0.031447
2.629200	-1.016406	0.285715	0.742654	3.519753	0.117782	0.031220
2.630200	-1.015385	0.284606	0.740222	3.495301	0.116912	0.030849
2.631200	-1.014574	0.283970	0.740204	3.496881	0.116580	0.030781
2.632200	-1.014271	0.284562	0.734958	3.475086	0.116707	0.030670
2.633200	-1.013979	0.284587	0.737148	3.480006	0.116785	0.030754
2.634200	-1.013085	0.283879	0.736279	3.468074	0.116273	0.030505
2.635200	-1.012223	0.282586	0.731923	3.453165	0.115401	0.030170
2.636200	-1.011673	0.283065	0.731512	3.453129	0.115685	0.030277
2.637200	-1.011203	0.281974	0.729664	3.432660	0.114871	0.029919
2.638200	-1.010541	0.281837	0.728639	3.434543	0.114827	0.029911
2.639200	-1.008842	0.279886	0.724847	3.396744	0.113355	0.029241
2.640200	-1.009007	0.280378	0.724279	3.406048	0.113739	0.029428
2.641200	-1.008479	0.280365	0.724246	3.414213	0.113829	0.029497
2.642200	-1.006944	0.278411	0.721326	3.368674	0.112281	0.028797
2.643200	-1.006400	0.278161	0.719962	3.377741	0.112249	0.028833
2.644200	-1.005574	0.277493	0.716887	3.354937	0.111655	0.028522
2.645200	-1.005372	0.277320	0.715405	3.346386	0.111484	0.028416
2.646200	-1.003853	0.276294	0.712365	3.324718	0.110705	0.028056
2.647200	-1.003743	0.276669	0.714878	3.340161	0.111085	0.028292
2.648200	-1.002748	0.275792	0.709608	3.316448	0.110368	0.027936
2.649200	-1.001613	0.274521	0.709614	3.298384	0.109495	0.027589
2.650200	-1.001747	0.274818	0.709277	3.307039	0.109761	0.027736
2.651200	-1.000692	0.273492	0.704716	3.284738	0.108815	0.027295
2.652200	-1.000246	0.273495	0.706784	3.278682	0.108767	0.027301
2.653200	-0.999102	0.272553	0.698736	3.248727	0.107955	0.026860
2.654200	-0.998010	0.271616	0.701506	3.246346	0.107433	0.026756
2.655200	-0.997935	0.272132	0.698898	3.246229	0.107725	0.026786
2.656200	-0.996626	0.270432	0.695745	3.227679	0.106623	0.026369
2.657200	-0.996828	0.271326	0.699326	3.233146	0.107177	0.026592
2.658200	-0.995706	0.270366	0.694944	3.213088	0.106461	0.026278
2.659200	-0.995157	0.269582	0.693494	3.197250	0.105886	0.026012
2.660200	-0.994939	0.269822	0.693995	3.201938	0.106077	0.026118
2.661200	-0.993819	0.269111	0.687201	3.171478	0.105389	0.025707
2.662200	-0.993165	0.268242	0.688165	3.172350	0.104944	0.025641
2.663200	-0.991719	0.266716	0.683762	3.146933	0.103875	0.025157
2.664200	-0.991737	0.267198	0.683613	3.153697	0.104215	0.025310
2.665200	-0.990905	0.266547	0.684464	3.139354	0.103731	0.025135
2.666200	-0.990194	0.265620	0.682311	3.135615	0.103211	0.024969
2.667200	-0.989278	0.265241	0.680174	3.116177	0.102819	0.024742
2.668200	-0.988562	0.264118	0.674318	3.089857	0.101963	0.024372
2.669200	-0.988478	0.265142	0.677444	3.102858	0.102653	0.024608
2.670200	-0.987460	0.263893	0.674449	3.082472	0.101791	0.024287
2.671200	-0.986800	0.264059	0.677978	3.098816	0.102061	0.024456
2.672200	-0.986498	0.263437	0.675266	3.089500	0.101648	0.024306
2.673200	-0.985725	0.263026	0.671806	3.068288	0.101222	0.024062
2.674200	-0.984956	0.262458	0.672175	3.063485	0.100886	0.023979
2.675200	-0.984233	0.261699	0.669573	3.038175	0.100235	0.023654
2.676200	-0.983335	0.261113	0.667759	3.037350	0.099932	0.023596
2.677200	-0.982614	0.260750	0.666944	3.029376	0.099671	0.023470
2.678200	-0.982235	0.260005	0.663476	3.016077	0.099156	0.023277
2.679200	-0.981365	0.259321	0.662688	3.003657	0.098683	0.023062
2.680200	-0.980533	0.258878	0.661474	3.000517	0.098432	0.022982
2.681200	-0.980593	0.259283	0.662290	2.997866	0.098625	0.023022
2.682200	-0.979870	0.258878	0.658546	2.981421	0.098255	0.022839
2.683200	-0.979204	0.258882	0.662399	2.989451	0.098353	0.022926
2.684200	-0.977851	0.256812	0.654535	2.954699	0.096933	0.022374
2.685200	-0.977727	0.257640	0.657325	2.964500	0.097473	0.022557
2.686200	-0.977288	0.257496	0.656508	2.958068	0.097343	0.022476
2.687200	-0.975705	0.255606	0.653607	2.925149	0.096039	0.021992
2.688200	-0.975373	0.255169	0.650965	2.922065	0.095795	0.021893
2.689200	-0.975134	0.255499	0.651726	2.931282	0.096072	0.022037
2.690200	-0.974816	0.254906	0.648779	2.909093	0.095547	0.021788
2.691200	-0.973643	0.253858	0.645456	2.892701	0.094853	0.021515
2.692200	-0.972585	0.253940	0.645813	2.895394	0.094935	0.021553
2.693200	-0.972400	0.253856	0.646321	2.896051	0.094910	0.021568
2.694200	-0.971948	0.253611	0.643967	2.880362	0.094632	0.021386
2.695200	-0.971755	0.253790	0.643750	2.885532	0.094788	0.021504
2.696200	-0.971195	0.252989	0.640232	2.865048	0.094178	0.021209
2.697200	-0.969822	0.251884	0.640049	2.850740	0.093481	0.020978
2.698200	-0.969356	0.251173	0.637351	2.840061	0.093022	0.020788
2.699200	-0.968486	0.251096	0.634832	2.834916	0.092940	0.020750
2.700200	-0.967696	0.250158	0.632788	2.815434	0.092275	0.020485
2.701200	-0.967530	0.250100	0.634428	2.820348	0.092309	0.020532
2.702200	-0.966355	0.248733	0.636247	2.808877	0.091517	0.020294
2.703200	-0.965639	0.248669	0.631511	2.801330	0.091416	0.020217
2.704200	-0.965661	0.248974	0.627931	2.791169	0.091472	0.020147
2.705200	-0.964826	0.248474	0.629156	2.786288	0.091183	0.020086
2.706200	-0.964497	0.248563	0.627050	2.781376	0.091186	0.020030
2.707200	-0.963428	0.247209	0.626432	2.761747	0.090318	0.019741
2.708200	-0.962969	0.247095	0.623621	2.743743	0.090082	0.019594
2.709200	-0.962296	0.246858	0.623502	2.744333	0.089981	0.019585
2.710200	-0.961495	0.245968	0.624369	2.738629	0.089494	0.019446
2.711200	-0.960793	0.245349	0.620071	2.729122	0.089099	0.019313
2.712200	-0.960654	0.245641	0.620610	2.728456	0.089246	0.019316
2.713200	-0.959606	0.244853	0.617893	2.714099	0.088718	0.019114
2.714200	-0.959299	0.245019	0.616325	2.707240	0.088737	0.019097
2.715200	-0.958767	0.244244	0.616800	2.703636	0.088330	0.018983
2.716200	-0.957710	0.243742	0.614756	2.688175	0.087932	0.018826
2.717200	-0.957124	0.242706	0.611995	2.676827	0.087318	0.018627
2.718200	-0.956806	0.242668	0.614535	2.679811	0.087342	0.018667
2.719200	-0.956733	0.242807	0.611255	2.671478	0.087331	0.018596
2.720200	-0.954869	0.241228	0.609736	2.649769	0.086347	0.018256
2.721200	-0.954961	0.242371	0.611026	2.657270	0.086990	0.018442
2.722200	-0.954033	0.241495	0.608433	2.637467	0.086366	0.018228
2.723200	-0.954161	0.240956	0.608067	2.642552	0.086170	0.018191
2.724200	-0.953431	0.240585	0.606121	2.640829	0.085983	0.018140
2.725200	-0.952608	0.240784	0.605727	2.627046	0.085943	0.018051
2.726200	-0.952063	0.239762	0.603240	2.612877	0.085311	0.017871
2.727200	-0.951056	0.239228	0.602544	2.602497	0.084955	0.017704
2.728200	-0.950466	0.239087	0.601219	2.595892	0.084827	0.017655
2.729200	-0.949949	0.238387	0.599266	2.587202	0.084410	0.017525
2.730200	-0.949609	0.238320	0.599478	2.585057	0.084366	0.017506
2.731200	-0.948659	0.237992	0.598326	2.579964	0.084165	0.017440
2.732200	-0.948361	0.237998	0.600464	2.579259	0.084170	0.017447
2.733200	-0.947175	0.236084	0.595504	2.551868	0.082981	0.017036
2.734200	-0.946610	0.235793	0.594767	2.547637	0.082808	0.016990
2.735200	-0.946166	0.235775	0.593691	2.540463	0.082733	0.016929
2.736200	-0.945992	0.235721	0.594228	2.538769	0.082699	0.016934
2.737200	-0.945292	0.235860	0.590616	2.530181	0.082683	0.016880
2.738200	-0.944862	0.235854	0.592065	2.535646	0.082749	0.016921
2.739200	-0.944423	0.235362	0.588914	2.517464	0.082332	0.016724
2.740200	-0.943507	0.234548	0.587584	2.513172	0.081914	0.016621
2.741200	-0.942529	0.233539	0.587326	2.486845	0.081169	0.016329
2.742200	-0.942034	0.233844	0.584912	2.489829	0.081353	0.016367
2.743200	-0.941825	0.233933	0.587598	2.499543	0.081509	0.016486
2.744200	-0.941131	0.233541	0.583694	2.489138	0.081224	0.016368
2.745200	-0.940479	0.232447	0.582344	2.471958	0.080540	0.016120
2.746200	-0.940075	0.232147	0.581580	2.458925	0.080270	0.015998
2.747200	-0.939610	0.232477	0.583046	2.464719	0.080495	0.016082
2.748200	-0.939007	0.232243	0.581652	2.461003	0.080356	0.016030
2.749200	-0.938096	0.230980	0.577873	2.443751	0.079595	0.015779
2.750200	-0.937798	0.231189	0.578598	2.447889	0.079746	0.015862
2.751200	-0.937509	0.230540	0.577157	2.427319	0.079235	0.015646
2.752200	-0.936390	0.230144	0.575221	2.418509	0.078967	0.015538
2.753200	-0.935976	0.230052	0.574394	2.418676	0.078936	0.015539
2.754200	-0.935176	0.229907	0.575599	2.421949	0.078914	0.015531
2.755200	-0.934746	0.229076	0.574011	2.408809	0.078401	0.015386
2.756200	-0.933947	0.228667	0.572368	2.399058	0.078118	0.015284
2.757200	-0.933649	0.228682	0.570863	2.395088	0.078091	0.015249
2.758200	-0.933398	0.228393	0.571511	2.399201	0.078013	0.015280
2.759200	-0.932426	0.228156	0.570761	2.393810	0.077856	0.015215
2.760200	-0.932303	0.228110	0.569039	2.384873	0.077748	0.015134
2.761200	-0.931149	0.226940	0.565908	2.361501	0.076973	0.014862
2.762200	-0.930801	0.227079	0.566022	2.358887	0.077017	0.014871
2.763200	-0.929771	0.226139	0.563249	2.343096	0.076429	0.014666
2.764200	-0.929814	0.226150	0.564157	2.349906	0.076517	0.014725
2.765200	-0.929042	0.225398	0.562550	2.341188	0.076093	0.014582
2.766200	-0.928571	0.225313	0.562260	2.332989	0.075975	0.014517
2.767200	-0.928192	0.225380	0.560339	2.325479	0.075933	0.014477
2.768200	-0.927089	0.224512	0.557773	2.310463	0.075389	0.014310
2.769200	-0.926875	0.224619	0.559917	2.318067	0.075529	0.014371
2.770200	-0.926289	0.223682	0.555322	2.303494	0.074960	0.014155
2.771200	-0.925745	0.223486	0.556054	2.293670	0.074775	0.014111
2.772200	-0.924268	0.223111	0.555621	2.290151	0.074578	0.014043
2.773200	-0.924704	0.222779	0.554379	2.284874	0.074382	0.014012
2.774200	-0.923886	0.222505	0.555547	2.283682	0.074256	0.013973
2.775200	-0.923548	0.221706	0.553364	2.269484	0.073756	0.013798
2.776200	-0.922840	0.222219	0.553021	2.271355	0.074013	0.013865
2.777200	-0.922441	0.222112	0.552971	2.264993	0.073905	0.013815
2.778200	-0.921684	0.221504	0.550906	2.259045	0.073580	0.013723
2.779200	-0.921455	0.221742	0.551061	2.262548	0.073732	0.013752
2.780200	-0.920582	0.220827	0.549361	2.248179	0.073180	0.013613
2.781200	-0.920362	0.220458	0.547982	2.239850	0.072936	0.013512
2.782200	-0.920143	0.220541	0.548274	2.241461	0.072998	0.013552
2.783200	-0.918928	0.219608	0.544999	2.220846	0.072372	0.013311
2.784200	-0.918641	0.219383	0.545135	2.223231	0.072308	0.013310
2.785200	-0.917951	0.219710	0.542691	2.216075	0.072383	0.013278
2.786200	-0.917329	0.218638	0.543920	2.207335	0.071826	0.013154
2.787200	-0.916862	0.218593	0.541836	2.201475	0.071751	0.013119
2.788200	-0.916481	0.218349	0.544294	2.202110	0.071660	0.013106
2.789200	-0.915881	0.218350	0.541318	2.190750	0.071546	0.013023
2.790200	-0.915557	0.217992	0.540156	2.182790	0.071311	0.012921
2.791200	-0.914538	0.217128	0.538565	2.180548	0.070919	0.012842
2.792200	-0.913854	0.217280	0.538716	2.173289	0.070915	0.012815
2.793200	-0.913361	0.216533	0.534318	2.154428	0.070393	0.012623
2.794200	-0.913237	0.216518	0.535314	2.158027	0.070434	0.012660
2.795200	-0.912781	0.215920	0.535774	2.154657	0.070147	0.012597
2.796200	-0.912373	0.216011	0.534935	2.153160	0.070179	0.012596
2.797200	-0.911780	0.215798	0.533844	2.150620	0.070068	0.012581
2.798200	-0.911247	0.215119	0.530736	2.137572	0.069641	0.012431
2.799200	-0.910521	0.215154	0.533802	2.136009	0.069647	0.012431
2.800200	-0.909771	0.214566	0.533032	2.132738	0.069367	0.012367
2.801200	-0.909212	0.214438	0.530657	2.121434	0.069197	0.012284
2.802200	-0.908907	0.214168	0.528929	2.116607	0.069037	0.012216
2.803200	-0.908074	0.213684	0.529056	2.107957	0.068743	0.012138
2.804200	-0.907905	0.213538	0.527529	2.098786	0.068588	0.012061
2.805200	-0.907396	0.213143	0.528798	2.103871	0.068484	0.012078
2.806200	-0.906765	0.213314	0.526203	2.101847	0.068543	0.012082
2.807200	-0.906414	0.213253	0.525871	2.099200	0.068496	0.012064
2.808200	-0.905791	0.212341	0.526034	2.083540	0.067944	0.011885
2.809200	-0.905356	0.212290	0.524219	2.078524	0.067876	0.011842
