1.800000	-1.859381	0.956826	0.425799	0.109251	0.916284	-0.154628
1.801000	-1.859555	0.956848	0.452953	0.116071	0.916376	-0.152491
1.802000	-1.856230	0.955652	0.459356	0.121924	0.914130	-0.156680
1.803000	-1.857891	0.956453	0.446296	0.114352	0.915608	-0.155044
1.804000	-1.856667	0.955395	0.454303	0.135469	0.913735	-0.155854
1.805000	-1.856550	0.955533	0.457607	0.138120	0.914017	-0.155517
1.806000	-1.857694	0.956638	0.417322	0.103178	0.915885	-0.155484
1.807000	-1.856680	0.956134	0.441183	0.113112	0.914991	-0.155492
1.808000	-1.857037	0.955888	0.454287	0.122584	0.914588	-0.154419
1.809000	-1.853467	0.954230	0.453504	0.135189	0.911510	-0.159590
1.810000	-1.855070	0.955358	0.443530	0.116769	0.913534	-0.157970
1.811000	-1.855392	0.955639	0.448520	0.117708	0.914079	-0.157468
1.812000	-1.854372	0.955350	0.443357	0.113039	0.913494	-0.158720
1.813000	-1.853897	0.955019	0.450002	0.119514	0.912907	-0.159149
1.814000	-1.853325	0.954847	0.446300	0.116609	0.912559	-0.159355
1.815000	-1.851817	0.954113	0.453618	0.123471	0.911206	-0.161265
1.816000	-1.852661	0.954341	0.459618	0.125140	0.911655	-0.159903
1.817000	-1.851814	0.953916	0.450788	0.127222	0.910858	-0.160321
1.818000	-1.852683	0.954684	0.447628	0.115453	0.912242	-0.160344
1.819000	-1.852525	0.954282	0.454623	0.130281	0.911580	-0.159446
1.820000	-1.851052	0.953840	0.443069	0.122925	0.910684	-0.161525
1.821000	-1.851048	0.953839	0.453012	0.125805	0.910704	-0.161920
1.822000	-1.847153	0.952101	0.473817	0.139563	0.907489	-0.166079
1.823000	-1.847962	0.952593	0.484524	0.143404	0.908455	-0.162851
1.824000	-1.848178	0.953242	0.457279	0.118961	0.909518	-0.165215
1.825000	-1.848098	0.952678	0.469530	0.129823	0.908521	-0.166001
1.826000	-1.849083	0.953098	0.447706	0.127720	0.909306	-0.164428
1.827000	-1.847419	0.952592	0.485403	0.130993	0.908367	-0.165322
1.828000	-1.846900	0.952554	0.465138	0.124506	0.908248	-0.166792
1.829000	-1.846775	0.952348	0.456946	0.129037	0.907888	-0.165263
1.830000	-1.846094	0.952101	0.490999	0.137930	0.907482	-0.165500
1.831000	-1.845911	0.952284	0.459022	0.127513	0.907756	-0.168535
1.832000	-1.844208	0.951349	0.462273	0.131129	0.906004	-0.168618
1.833000	-1.842270	0.950659	0.499472	0.145199	0.904791	-0.169314
1.834000	-1.843355	0.951062	0.484388	0.133265	0.905473	-0.170708
1.835000	-1.844441	0.951500	0.466565	0.134848	0.906319	-0.167373
1.836000	-1.842853	0.950447	0.488481	0.156865	0.904474	-0.168304
1.837000	-1.843609	0.950944	0.476519	0.144589	0.905332	-0.167944
1.838000	-1.841766	0.950420	0.491037	0.142051	0.904319	-0.170113
1.839000	-1.841047	0.950412	0.483410	0.134981	0.904252	-0.171684
1.840000	-1.843123	0.951173	0.469605	0.126897	0.905643	-0.170140
1.841000	-1.839647	0.949508	0.497680	0.151234	0.902653	-0.170727
1.842000	-1.841861	0.950640	0.474465	0.131848	0.904665	-0.171305
1.843000	-1.839911	0.949825	0.473473	0.137049	0.903154	-0.173312
1.844000	-1.837223	0.948784	0.489901	0.145866	0.901241	-0.173777
1.845000	-1.837861	0.949148	0.498863	0.141498	0.901903	-0.174961
1.846000	-1.836289	0.948305	0.499889	0.155912	0.900406	-0.174182
1.847000	-1.836431	0.948533	0.504795	0.145495	0.900764	-0.175721
1.848000	-1.836958	0.948421	0.497652	0.154234	0.900616	-0.172315
1.849000	-1.838289	0.949207	0.493279	0.145231	0.902043	-0.172627
1.850000	-1.833906	0.947571	0.511357	0.151060	0.898983	-0.177190
1.851000	-1.836102	0.948390	0.487174	0.151846	0.900541	-0.175367
1.852000	-1.835045	0.947976	0.494769	0.151072	0.899751	-0.176455
1.853000	-1.835583	0.948252	0.491634	0.145780	0.900238	-0.175863
1.854000	-1.833236	0.947434	0.496545	0.146062	0.898688	-0.178834
1.855000	-1.833734	0.947437	0.495777	0.159146	0.898790	-0.174916
1.856000	-1.832186	0.946892	0.493332	0.153842	0.897720	-0.179223
1.857000	-1.833602	0.947553	0.493683	0.148980	0.898938	-0.176831
1.858000	-1.831269	0.946759	0.505913	0.149085	0.897434	-0.180015
1.859000	-1.830436	0.945952	0.526227	0.172497	0.896078	-0.179380
1.860000	-1.831322	0.946648	0.501050	0.153634	0.897260	-0.179931
1.861000	-1.830280	0.946393	0.514883	0.150912	0.896757	-0.181594
1.862000	-1.830931	0.946460	0.517295	0.170023	0.897023	-0.179010
1.863000	-1.829012	0.946309	0.501056	0.142989	0.896541	-0.184448
1.864000	-1.826266	0.944628	0.526761	0.168173	0.893547	-0.182570
1.865000	-1.827072	0.944871	0.537650	0.179230	0.894087	-0.182920
1.866000	-1.827303	0.944941	0.533663	0.167347	0.894134	-0.180791
1.867000	-1.828627	0.945665	0.507046	0.151701	0.895388	-0.184402
1.868000	-1.828200	0.945588	0.509951	0.157696	0.895288	-0.182802
1.869000	-1.824897	0.944120	0.521772	0.169674	0.892600	-0.185219
1.870000	-1.826097	0.944766	0.531749	0.162280	0.893767	-0.183363
1.871000	-1.825314	0.944105	0.531591	0.179497	0.892647	-0.182847
1.872000	-1.825758	0.944662	0.511990	0.162966	0.893579	-0.183805
1.873000	-1.824780	0.944216	0.523681	0.165672	0.892755	-0.186315
1.874000	-1.824612	0.943882	0.522379	0.179776	0.892229	-0.184620
1.875000	-1.825316	0.944269	0.528496	0.172685	0.892908	-0.182184
1.876000	-1.824588	0.944050	0.524439	0.169742	0.892474	-0.184309
1.877000	-1.820902	0.942920	0.545644	0.170440	0.890348	-0.187082
1.878000	-1.819219	0.942340	0.546589	0.176034	0.889296	-0.188339
1.879000	-1.823431	0.943813	0.519370	0.165281	0.891997	-0.186675
1.880000	-1.819770	0.941985	0.550136	0.196065	0.888776	-0.184061
1.881000	-1.819813	0.942734	0.539772	0.165162	0.889962	-0.188868
1.882000	-1.817877	0.941151	0.536656	0.185462	0.887128	-0.191597
1.883000	-1.820991	0.942708	0.545883	0.180626	0.890027	-0.185238
1.884000	-1.819394	0.942101	0.539303	0.185643	0.888920	-0.189240
1.885000	-1.815852	0.940847	0.552334	0.178509	0.886507	-0.193620
1.886000	-1.820905	0.942738	0.526462	0.168890	0.890000	-0.188214
1.887000	-1.815205	0.940327	0.556396	0.196699	0.885665	-0.189327
1.888000	-1.816477	0.940824	0.542737	0.189157	0.886545	-0.189341
1.889000	-1.813598	0.939281	0.559615	0.203650	0.883752	-0.189347
1.890000	-1.815692	0.940913	0.559488	0.180529	0.886649	-0.192706
1.891000	-1.812522	0.939232	0.576861	0.199990	0.883634	-0.190907
1.892000	-1.815450	0.940577	0.548996	0.187818	0.886072	-0.191404
1.893000	-1.812403	0.939244	0.552871	0.189745	0.883582	-0.194425
1.894000	-1.812591	0.939821	0.557396	0.187086	0.884648	-0.193315
1.895000	-1.814023	0.940234	0.540688	0.174692	0.885332	-0.195152
1.896000	-1.810998	0.939132	0.558204	0.192002	0.883391	-0.193234
1.897000	-1.810727	0.938541	0.577553	0.212094	0.882430	-0.191220
1.898000	-1.808339	0.937421	0.578558	0.222119	0.880405	-0.195842
1.899000	-1.809850	0.938662	0.556372	0.184606	0.882457	-0.197011
1.900000	-1.810391	0.938943	0.543885	0.187510	0.883006	-0.197507
1.901000	-1.810345	0.938748	0.564570	0.198355	0.882722	-0.193687
1.902000	-1.806945	0.937548	0.552764	0.184539	0.880368	-0.199474
1.903000	-1.804473	0.936144	0.565992	0.202639	0.877871	-0.198867
1.904000	-1.807003	0.937366	0.572246	0.192872	0.880090	-0.197165
1.905000	-1.807900	0.937727	0.563983	0.211882	0.880909	-0.196443
1.906000	-1.806586	0.936734	0.577091	0.229383	0.879179	-0.195470
1.907000	-1.806583	0.937088	0.550869	0.195087	0.879588	-0.197827
1.908000	-1.803792	0.935713	0.582359	0.229278	0.877268	-0.195843
1.909000	-1.803567	0.935909	0.602051	0.219898	0.877565	-0.194459
1.910000	-1.803788	0.935500	0.592498	0.232101	0.876892	-0.195673
1.911000	-1.804019	0.935657	0.578798	0.211437	0.877032	-0.198336
1.912000	-1.803533	0.936107	0.576510	0.201261	0.877800	-0.199822
1.913000	-1.803633	0.936539	0.572599	0.189928	0.878525	-0.200976
1.914000	-1.800753	0.934360	0.609356	0.251987	0.874913	-0.198766
1.915000	-1.802528	0.935705	0.571960	0.209224	0.877110	-0.200407
1.916000	-1.799731	0.935194	0.588352	0.195182	0.876048	-0.203498
1.917000	-1.797797	0.933495	0.599541	0.246911	0.873262	-0.200167
1.918000	-1.801019	0.935420	0.578170	0.196519	0.876484	-0.201407
1.919000	-1.800434	0.935119	0.587575	0.199929	0.875946	-0.203158
1.920000	-1.796675	0.933193	0.604703	0.226876	0.872551	-0.200538
1.921000	-1.797187	0.933719	0.579383	0.204145	0.873363	-0.206101
1.922000	-1.797633	0.933676	0.577470	0.218034	0.873387	-0.203318
1.923000	-1.796914	0.932856	0.598766	0.229988	0.871948	-0.199842
1.924000	-1.794619	0.932763	0.587471	0.210121	0.871627	-0.203581
1.925000	-1.794000	0.932072	0.588692	0.220091	0.870413	-0.204190
1.926000	-1.794614	0.932757	0.571037	0.211102	0.871624	-0.206311
1.927000	-1.794539	0.932341	0.591870	0.218671	0.870905	-0.205662
1.928000	-1.791577	0.930415	0.627860	0.272597	0.867725	-0.201867
1.929000	-1.792667	0.931503	0.612083	0.233923	0.869461	-0.205457
1.930000	-1.792822	0.932042	0.582061	0.211938	0.870300	-0.208353
1.931000	-1.789647	0.930205	0.632090	0.285033	0.867432	-0.204774
1.932000	-1.790327	0.930693	0.597175	0.242506	0.868020	-0.205321
1.933000	-1.789673	0.930091	0.613799	0.243759	0.866909	-0.204364
1.934000	-1.787325	0.929436	0.622020	0.253587	0.865767	-0.205893
1.935000	-1.788984	0.930046	0.615634	0.246909	0.866852	-0.206752
1.936000	-1.789575	0.930430	0.617639	0.239919	0.867514	-0.205430
1.937000	-1.788623	0.930362	0.621187	0.237410	0.867369	-0.206508
1.938000	-1.786545	0.929419	0.611318	0.235705	0.865604	-0.209514
1.939000	-1.786164	0.928158	0.627297	0.267335	0.863502	-0.205382
1.940000	-1.786350	0.929081	0.630578	0.244496	0.865045	-0.206355
1.941000	-1.785344	0.928131	0.641459	0.278215	0.863537	-0.203782
1.942000	-1.786567	0.928962	0.630616	0.255324	0.864907	-0.205281
1.943000	-1.785105	0.928398	0.623579	0.263400	0.863923	-0.207409
1.944000	-1.781450	0.927522	0.615250	0.235796	0.862087	-0.211746
1.945000	-1.782020	0.926894	0.635736	0.285244	0.861299	-0.211685
1.946000	-1.782150	0.927534	0.619661	0.245241	0.862183	-0.211491
1.947000	-1.780447	0.926515	0.643853	0.262198	0.860424	-0.209194
1.948000	-1.779553	0.925861	0.648545	0.298993	0.859494	-0.209093
1.949000	-1.779620	0.925793	0.632144	0.280044	0.859225	-0.209719
1.950000	-1.782997	0.927948	0.612648	0.260452	0.863072	-0.209560
1.951000	-1.777208	0.924673	0.645655	0.282191	0.857170	-0.210574
1.952000	-1.777795	0.925198	0.650880	0.280789	0.858132	-0.208371
1.953000	-1.777711	0.925682	0.645894	0.279445	0.859019	-0.212704
1.954000	-1.776341	0.924581	0.645608	0.284493	0.857022	-0.209095
1.955000	-1.774081	0.923495	0.659145	0.289990	0.855058	-0.207962
1.956000	-1.775666	0.924738	0.628236	0.274185	0.857236	-0.209726
1.957000	-1.773236	0.923414	0.688301	0.299358	0.854982	-0.203895
1.958000	-1.773303	0.922555	0.688089	0.357269	0.853841	-0.209080
1.959000	-1.775048	0.924198	0.655259	0.298633	0.856428	-0.211460
1.960000	-1.775430	0.924620	0.634565	0.259194	0.856907	-0.211495
1.961000	-1.770631	0.922402	0.656029	0.280148	0.852972	-0.211693
1.962000	-1.771837	0.923409	0.643280	0.265102	0.854715	-0.211956
1.963000	-1.772209	0.923362	0.640349	0.267756	0.854650	-0.214076
1.964000	-1.772269	0.922655	0.665466	0.331549	0.853835	-0.210620
1.965000	-1.769528	0.922566	0.649664	0.268404	0.853189	-0.214158
1.966000	-1.770170	0.922809	0.639018	0.259384	0.853569	-0.215183
1.967000	-1.767423	0.921105	0.660101	0.292697	0.850683	-0.212462
1.968000	-1.767428	0.921324	0.661590	0.289429	0.851063	-0.212488
1.969000	-1.764711	0.920437	0.686667	0.284567	0.849392	-0.213150
1.970000	-1.764481	0.919681	0.677830	0.307287	0.848178	-0.209497
1.971000	-1.768061	0.921363	0.646420	0.309751	0.851295	-0.212396
1.972000	-1.762656	0.918524	0.717356	0.363661	0.846488	-0.207251
1.973000	-1.764875	0.920372	0.667152	0.295375	0.849361	-0.212733
1.974000	-1.763478	0.918765	0.704657	0.352302	0.846845	-0.210786
1.975000	-1.763109	0.919089	0.681421	0.326051	0.847240	-0.212768
1.976000	-1.762925	0.919330	0.659757	0.299616	0.847481	-0.213540
1.977000	-1.763494	0.919470	0.688811	0.311533	0.847830	-0.207982
1.978000	-1.757628	0.915815	0.726145	0.394865	0.841768	-0.208213
1.979000	-1.760180	0.918574	0.687570	0.318371	0.846240	-0.213063
1.980000	-1.758769	0.917445	0.674071	0.327070	0.844236	-0.214275
1.981000	-1.758719	0.917999	0.683462	0.308201	0.845108	-0.216787
1.982000	-1.757955	0.917113	0.708322	0.361592	0.843896	-0.215507
1.983000	-1.759536	0.918085	0.672348	0.306099	0.845251	-0.211531
1.984000	-1.755138	0.915789	0.695354	0.347491	0.841363	-0.210121
1.985000	-1.760909	0.919397	0.659774	0.292621	0.847560	-0.215567
1.986000	-1.755361	0.915388	0.697392	0.327812	0.840477	-0.206855
1.987000	-1.754998	0.915164	0.686542	0.386071	0.840522	-0.215007
1.988000	-1.752781	0.913683	0.698446	0.396170	0.837893	-0.212634
1.989000	-1.751519	0.913714	0.738532	0.350660	0.837598	-0.203307
1.990000	-1.752233	0.914743	0.686711	0.327865	0.839303	-0.211602
1.991000	-1.749533	0.913404	0.706516	0.360996	0.837114	-0.211995
1.992000	-1.754922	0.915882	0.681311	0.311608	0.841265	-0.212070
1.993000	-1.750633	0.913130	0.719932	0.435588	0.837197	-0.213196
1.994000	-1.749505	0.912046	0.719157	0.493381	0.835671	-0.212113
1.995000	-1.750838	0.914255	0.693327	0.342131	0.838529	-0.214184
1.996000	-1.747714	0.912253	0.707868	0.381755	0.835182	-0.208725
1.997000	-1.747578	0.912686	0.684602	0.338245	0.835634	-0.217278
1.998000	-1.743102	0.909705	0.736685	0.400459	0.830688	-0.204716
1.999000	-1.747945	0.913081	0.701164	0.328836	0.836285	-0.209979
2.000000	-1.741984	0.909414	0.729341	0.368970	0.829917	-0.202836
2.001000	-1.744741	0.911268	0.700844	0.358911	0.833215	-0.213622
2.002000	-1.745811	0.911627	0.718023	0.349230	0.833794	-0.209814
2.003000	-1.739553	0.908191	0.741131	0.408939	0.828011	-0.209709
2.004000	-1.740256	0.908975	0.742124	0.383451	0.829237	-0.204245
2.005000	-1.742061	0.908881	0.732753	0.415498	0.829319	-0.205121
2.006000	-1.739845	0.909004	0.754267	0.376296	0.829237	-0.206421
2.007000	-1.738591	0.908758	0.732787	0.373801	0.828771	-0.210203
2.008000	-1.738037	0.907926	0.757702	0.433338	0.827728	-0.207566
2.009000	-1.741353	0.910079	0.713764	0.342214	0.830929	-0.208255
2.010000	-1.739108	0.908345	0.739956	0.439864	0.828545	-0.208915
2.011000	-1.734108	0.905509	0.792994	0.465028	0.823600	-0.204512
2.012000	-1.737288	0.908170	0.723508	0.378608	0.827748	-0.211856
2.013000	-1.736216	0.906442	0.752136	0.475579	0.825377	-0.207106
2.014000	-1.738503	0.909240	0.727366	0.364528	0.829585	-0.208809
2.015000	-1.734266	0.906092	0.765742	0.459439	0.824619	-0.207756
2.016000	-1.735672	0.907784	0.726285	0.363782	0.826937	-0.210043
2.017000	-1.732258	0.904132	0.794080	0.552677	0.821809	-0.205679
2.018000	-1.730687	0.905080	0.733664	0.396711	0.822296	-0.210198
2.019000	-1.732991	0.904616	0.759083	0.532451	0.822530	-0.209188
2.020000	-1.730681	0.905087	0.758108	0.408211	0.822403	-0.204295
2.021000	-1.733208	0.905340	0.780213	0.460274	0.823274	-0.206347
2.022000	-1.729314	0.904139	0.771031	0.419640	0.820782	-0.202606
2.023000	-1.728512	0.903428	0.777277	0.463845	0.819848	-0.205146
2.024000	-1.728203	0.902657	0.790626	0.486859	0.818639	-0.201678
2.025000	-1.726544	0.902730	0.752193	0.393992	0.818037	-0.200089
2.026000	-1.726775	0.902584	0.770825	0.460993	0.818305	-0.204805
2.027000	-1.726684	0.903234	0.758908	0.419236	0.819150	-0.201529
2.028000	-1.726083	0.902194	0.761681	0.465859	0.817644	-0.202083
2.029000	-1.726889	0.903284	0.752585	0.407092	0.819148	-0.209155
2.030000	-1.724503	0.901773	0.800363	0.487490	0.817061	-0.205154
2.031000	-1.724778	0.902426	0.758155	0.411093	0.817634	-0.209709
2.032000	-1.721203	0.899123	0.805856	0.553982	0.812819	-0.198844
2.033000	-1.718414	0.898398	0.816660	0.516529	0.811222	-0.194763
2.034000	-1.718070	0.896560	0.843067	0.693051	0.809327	-0.199568
2.035000	-1.717950	0.898227	0.790804	0.473083	0.810572	-0.193758
2.036000	-1.715841	0.896952	0.807194	0.526866	0.808714	-0.195329
2.037000	-1.717512	0.896481	0.813502	0.667711	0.808992	-0.196223
2.038000	-1.714250	0.895006	0.831266	0.597017	0.805789	-0.193911
2.039000	-1.712664	0.895370	0.828168	0.541629	0.806002	-0.194213
2.040000	-1.715837	0.895928	0.833295	0.683741	0.808136	-0.200846
2.041000	-1.714003	0.896715	0.820180	0.501336	0.808094	-0.198121
2.042000	-1.714414	0.897687	0.796887	0.450735	0.809437	-0.198633
2.043000	-1.711375	0.895073	0.820658	0.553772	0.805574	-0.199260
2.044000	-1.710642	0.893475	0.827075	0.650672	0.803493	-0.196415
2.045000	-1.712506	0.896360	0.801444	0.462049	0.807153	-0.192171
2.046000	-1.710092	0.893466	0.833554	0.596058	0.803046	-0.191981
2.047000	-1.706914	0.892556	0.814233	0.547338	0.801033	-0.194883
2.048000	-1.706500	0.890223	0.859856	0.815459	0.799020	-0.191026
2.049000	-1.709142	0.895245	0.795324	0.490080	0.805385	-0.191356
2.050000	-1.707272	0.893203	0.828194	0.570960	0.802384	-0.191891
2.051000	-1.706655	0.892723	0.823383	0.599266	0.801756	-0.196095
2.052000	-1.705453	0.893384	0.831553	0.502224	0.802160	-0.191501
2.053000	-1.705175	0.888783	0.890381	0.941744	0.797487	-0.186886
2.054000	-1.705681	0.892305	0.838951	0.580705	0.800867	-0.190182
2.055000	-1.701814	0.889414	0.883885	0.699087	0.796669	-0.186107
2.056000	-1.698747	0.887571	0.882091	0.670585	0.793168	-0.181377
2.057000	-1.700806	0.890698	0.829997	0.550589	0.797768	-0.188443
2.058000	-1.696595	0.886520	0.877302	0.860750	0.792838	-0.185359
2.059000	-1.696183	0.886331	0.894719	0.721658	0.791387	-0.179927
2.060000	-1.700875	0.891210	0.799255	0.509879	0.798358	-0.192354
2.061000	-1.697505	0.888687	0.831798	0.527453	0.794012	-0.183301
2.062000	-1.695255	0.884034	0.893938	0.885745	0.788651	-0.184164
2.063000	-1.694728	0.887116	0.838549	0.623800	0.792001	-0.187287
2.064000	-1.692631	0.884177	0.884214	0.712193	0.787512	-0.172307
2.065000	-1.693262	0.885873	0.873813	0.625023	0.789813	-0.180985
2.066000	-1.692811	0.886844	0.855162	0.592987	0.791277	-0.183158
2.067000	-1.688445	0.881614	0.921662	0.845900	0.784073	-0.178688
2.068000	-1.696153	0.888508	0.839785	0.557341	0.793948	-0.181661
2.069000	-1.690495	0.884286	0.865208	0.654198	0.787249	-0.178271
2.070000	-1.690019	0.881856	0.894245	0.895776	0.784914	-0.179554
2.071000	-1.685563	0.880854	0.901950	0.719259	0.781722	-0.165670
2.072000	-1.690514	0.885280	0.861425	0.586003	0.788463	-0.177274
2.073000	-1.685381	0.881311	0.893570	0.715841	0.782506	-0.174799
2.074000	-1.687250	0.884629	0.874013	0.556076	0.787073	-0.174333
2.075000	-1.687008	0.882918	0.859430	0.654450	0.784849	-0.176236
2.076000	-1.683900	0.882280	0.900631	0.643600	0.783638	-0.170793
2.077000	-1.686063	0.881334	0.888696	0.841819	0.783579	-0.175574
2.078000	-1.683942	0.879104	0.904980	0.867124	0.779862	-0.171282
2.079000	-1.683188	0.880834	0.893354	0.709196	0.781627	-0.176602
2.080000	-1.683367	0.880483	0.891780	0.821919	0.781928	-0.181791
2.081000	-1.676984	0.873695	0.989985	1.213714	0.773210	-0.168517
2.082000	-1.675964	0.874925	0.956137	0.947769	0.773202	-0.162762
2.083000	-1.680217	0.877055	0.929982	0.855232	0.776185	-0.167232
2.084000	-1.671017	0.873070	0.937921	0.855856	0.769219	-0.163859
2.085000	-1.676828	0.879314	0.907670	0.686753	0.778786	-0.168394
2.086000	-1.677088	0.876908	0.925058	0.782355	0.775342	-0.164977
2.087000	-1.678031	0.878348	0.895721	0.680610	0.777043	-0.164667
2.088000	-1.670930	0.873839	0.934026	0.827051	0.770340	-0.158959
2.089000	-1.675764	0.877111	0.881761	0.735153	0.775323	-0.166880
2.090000	-1.673256	0.876018	0.908985	0.803702	0.773969	-0.167753
2.091000	-1.668069	0.872393	0.964906	0.869367	0.768170	-0.157278
2.092000	-1.665417	0.871359	0.950954	0.798259	0.765790	-0.147055
2.093000	-1.670953	0.875923	0.909719	0.654418	0.772591	-0.159125
2.094000	-1.667873	0.870714	0.972507	0.982940	0.766183	-0.161743
2.095000	-1.669592	0.873068	0.923935	0.835384	0.769084	-0.157827
2.096000	-1.665794	0.870491	0.935885	0.909654	0.765203	-0.151698
2.097000	-1.669670	0.873600	0.928643	0.785347	0.769610	-0.154487
2.098000	-1.669128	0.874630	0.888311	0.673763	0.770499	-0.160796
2.099000	-1.661089	0.866157	0.997489	1.109863	0.759328	-0.145391
2.100000	-1.661956	0.868517	0.946211	0.917048	0.761845	-0.149297
2.101000	-1.659111	0.866588	0.976652	1.035824	0.759476	-0.149396
2.102000	-1.662170	0.868665	0.961229	0.857985	0.761623	-0.147779
2.103000	-1.661328	0.869393	0.973800	0.862757	0.762932	-0.152883
2.104000	-1.651139	0.859647	1.070949	1.306693	0.749732	-0.136149
2.105000	-1.654505	0.863740	1.017558	1.063603	0.754792	-0.146438
2.106000	-1.657938	0.865356	1.009804	1.054551	0.757517	-0.146566
2.107000	-1.656980	0.866687	0.960901	0.844302	0.758095	-0.141502
2.108000	-1.649512	0.860140	1.043743	1.082544	0.748755	-0.131320
2.109000	-1.649369	0.861686	1.016690	1.128424	0.751799	-0.142404
2.110000	-1.653511	0.863898	0.977013	0.980269	0.754399	-0.138039
2.111000	-1.651281	0.860351	1.011943	1.308332	0.750992	-0.142980
2.112000	-1.649402	0.863285	0.958468	0.814782	0.751983	-0.134585
2.113000	-1.649280	0.863140	0.991416	0.920728	0.752610	-0.137680
2.114000	-1.648905	0.861339	1.010293	1.051737	0.750590	-0.134626
2.115000	-1.643948	0.855216	1.089774	1.444485	0.743328	-0.137688
2.116000	-1.648961	0.861578	0.980376	0.985188	0.750460	-0.133919
2.117000	-1.643898	0.857836	1.033910	1.115588	0.745108	-0.132607
2.118000	-1.644750	0.858840	1.004714	1.103895	0.746739	-0.133353
2.119000	-1.644175	0.858387	0.977749	1.056322	0.745571	-0.132021
2.120000	-1.641673	0.853240	1.113541	1.532226	0.740707	-0.128683
2.121000	-1.636139	0.851758	1.072089	1.311684	0.736359	-0.118450
2.122000	-1.637812	0.852999	1.052753	1.163614	0.737253	-0.115823
2.123000	-1.639798	0.856653	0.994301	0.981412	0.741993	-0.120206
2.124000	-1.639205	0.856255	1.020903	1.012973	0.741578	-0.113978
2.125000	-1.637948	0.851957	1.067069	1.423198	0.737644	-0.120368
2.126000	-1.635781	0.853924	1.037076	1.062404	0.738010	-0.112905
2.127000	-1.638323	0.854447	1.012985	1.180814	0.739890	-0.126243
2.128000	-1.629511	0.848994	1.042929	1.255744	0.731229	-0.110414
2.129000	-1.630853	0.849024	1.073159	1.251043	0.731246	-0.111116
2.130000	-1.638970	0.858459	0.967041	0.963185	0.744965	-0.125379
2.131000	-1.634597	0.852380	1.025822	1.183525	0.736403	-0.117915
2.132000	-1.624548	0.841075	1.138509	1.688416	0.721468	-0.102881
2.133000	-1.630078	0.850993	1.016500	1.080038	0.733188	-0.114226
2.134000	-1.628823	0.847202	1.050447	1.293482	0.728534	-0.106258
2.135000	-1.626375	0.848030	1.048515	1.210014	0.729247	-0.109099
2.136000	-1.625767	0.846291	1.081662	1.393629	0.727836	-0.105798
2.137000	-1.627180	0.845812	1.081058	1.612805	0.728861	-0.122721
2.138000	-1.624100	0.847542	1.033873	1.119016	0.727673	-0.099320
2.139000	-1.621930	0.840720	1.120313	1.623527	0.720376	-0.103454
2.140000	-1.616236	0.839384	1.076353	1.473474	0.716882	-0.099027
2.141000	-1.617541	0.838937	1.155447	1.805477	0.718915	-0.104821
2.142000	-1.617084	0.842653	1.044420	1.257816	0.720589	-0.090756
2.143000	-1.624178	0.846213	1.048085	1.278371	0.726778	-0.101171
2.144000	-1.620014	0.845222	1.085464	1.273377	0.725065	-0.098568
2.145000	-1.620591	0.846380	1.051974	1.064028	0.725275	-0.099115
2.146000	-1.609553	0.831902	1.140476	1.848527	0.707556	-0.081527
2.147000	-1.614367	0.842000	1.055196	1.236781	0.719337	-0.093074
2.148000	-1.621083	0.847176	1.029468	1.076451	0.726739	-0.097882
2.149000	-1.610995	0.839827	1.093117	1.265584	0.715933	-0.080525
2.150000	-1.606239	0.832056	1.177742	1.866071	0.707990	-0.085768
2.151000	-1.609938	0.836164	1.081559	1.494857	0.711731	-0.087709
2.152000	-1.606533	0.833245	1.177071	1.606471	0.707802	-0.079879
2.153000	-1.605463	0.833476	1.114930	1.585044	0.708012	-0.074999
2.154000	-1.607391	0.836584	1.069846	1.361587	0.711330	-0.079843
2.155000	-1.606242	0.832809	1.157804	1.612876	0.707147	-0.083228
2.156000	-1.606914	0.835695	1.127171	1.397153	0.710152	-0.082414
2.157000	-1.591694	0.821215	1.233344	1.916646	0.690543	-0.069199
2.158000	-1.598197	0.828450	1.164938	1.682962	0.700516	-0.074484
2.159000	-1.601072	0.829693	1.158737	1.722195	0.702915	-0.082243
2.160000	-1.596917	0.826867	1.176100	1.788156	0.698797	-0.072311
2.161000	-1.601539	0.833259	1.089513	1.407084	0.706199	-0.069674
2.162000	-1.594419	0.823083	1.194342	1.936876	0.693823	-0.071381
2.163000	-1.588377	0.818228	1.229941	2.043903	0.686767	-0.057103
2.164000	-1.599984	0.834708	1.095711	1.379135	0.708395	-0.072991
2.165000	-1.593064	0.825509	1.133173	1.620373	0.695169	-0.070545
2.166000	-1.593056	0.822683	1.191972	1.904015	0.692917	-0.067487
2.167000	-1.583287	0.815227	1.236949	2.122204	0.682560	-0.050198
2.168000	-1.592336	0.824262	1.205558	1.879359	0.695323	-0.061851
2.169000	-1.589906	0.825013	1.127017	1.498855	0.693345	-0.053431
2.170000	-1.583661	0.816932	1.187265	1.905130	0.683527	-0.047523
2.171000	-1.583084	0.818024	1.217032	1.882523	0.685128	-0.053059
2.172000	-1.588045	0.821978	1.176709	1.809334	0.690999	-0.055106
2.173000	-1.582731	0.817427	1.190820	1.917578	0.684463	-0.045633
2.174000	-1.582775	0.817090	1.197994	1.932641	0.684048	-0.048763
2.175000	-1.585792	0.820948	1.179016	1.817745	0.689399	-0.053280
2.176000	-1.583639	0.821444	1.130140	1.695047	0.689178	-0.054747
2.177000	-1.578997	0.813575	1.248503	2.227571	0.680847	-0.055983
2.178000	-1.583559	0.823280	1.177316	1.517501	0.690700	-0.052649
2.179000	-1.577122	0.815648	1.198824	1.969507	0.682045	-0.042388
2.180000	-1.565992	0.801627	1.295497	2.442407	0.663405	-0.027673
2.181000	-1.578148	0.817000	1.156348	1.769554	0.682565	-0.040773
2.182000	-1.579619	0.820503	1.126171	1.557502	0.686501	-0.042082
2.183000	-1.578009	0.815201	1.228318	1.908877	0.680830	-0.043646
2.184000	-1.574125	0.810341	1.210685	2.119770	0.674737	-0.039034
2.185000	-1.575002	0.817428	1.158224	1.547482	0.681397	-0.032728
2.186000	-1.572219	0.809827	1.232911	2.064362	0.673447	-0.039810
2.187000	-1.566317	0.803345	1.323561	2.473423	0.666494	-0.037936
2.188000	-1.571223	0.812174	1.186744	1.884977	0.675738	-0.031379
2.189000	-1.567841	0.810977	1.213799	1.823151	0.673274	-0.035367
2.190000	-1.563742	0.802465	1.264058	2.324131	0.663832	-0.030614
2.191000	-1.551605	0.790239	1.368182	2.644026	0.647107	-0.012371
2.192000	-1.555306	0.797400	1.249359	2.358935	0.656045	-0.011863
2.193000	-1.566781	0.810751	1.178824	1.815900	0.672873	-0.027661
2.194000	-1.560991	0.806225	1.199811	1.869823	0.666024	-0.012368
2.195000	-1.555170	0.797655	1.277991	2.283678	0.655835	-0.015307
2.196000	-1.544142	0.784266	1.333946	2.797433	0.639069	-0.002359
2.197000	-1.556148	0.800987	1.231003	2.097523	0.659582	-0.017261
2.198000	-1.551428	0.797909	1.252510	2.109744	0.654773	-0.006223
2.199000	-1.552364	0.796816	1.261308	2.299131	0.654664	-0.014322
2.200000	-1.556113	0.803957	1.223911	1.914454	0.662799	-0.021299
2.201000	-1.548966	0.794360	1.289387	2.274606	0.650564	-0.014382
2.202000	-1.542730	0.785296	1.317455	2.855928	0.641255	-0.006698
2.203000	-1.544097	0.790768	1.338024	2.334764	0.645406	-0.001926
2.204000	-1.542092	0.782604	1.390464	2.933175	0.637722	-0.004774
2.205000	-1.541269	0.782659	1.367471	2.953634	0.637996	-0.011273
2.206000	-1.543559	0.791637	1.270750	2.258740	0.646153	-0.000970
2.207000	-1.548506	0.796544	1.231329	2.036380	0.652038	0.002452
2.208000	-1.541273	0.788376	1.324164	2.384178	0.642100	0.001511
2.209000	-1.538928	0.783179	1.332333	2.805483	0.637577	-0.005038
2.210000	-1.532325	0.778357	1.360249	2.908990	0.630952	0.001880
2.211000	-1.540428	0.788439	1.315615	2.521930	0.643417	-0.004385
2.212000	-1.532966	0.784161	1.292884	2.468952	0.636242	0.011439
2.213000	-1.532936	0.783145	1.328673	2.445064	0.634453	0.008697
2.214000	-1.527823	0.775239	1.384740	2.958125	0.626579	0.007103
2.215000	-1.524581	0.770585	1.422189	3.115855	0.620761	0.013153
2.216000	-1.526819	0.775625	1.367808	2.968244	0.627288	0.010798
2.217000	-1.530448	0.776021	1.375312	3.115682	0.629191	0.002898
2.218000	-1.533797	0.785664	1.297651	2.303693	0.637227	0.009533
2.219000	-1.530884	0.780076	1.308414	2.674715	0.631703	0.012259
2.220000	-1.517759	0.765130	1.397831	3.323914	0.614249	0.014984
2.221000	-1.520409	0.772998	1.407949	2.763000	0.621498	0.023132
2.222000	-1.527413	0.777152	1.298334	2.891417	0.629061	0.013691
2.223000	-1.521406	0.774108	1.303328	2.721652	0.622877	0.025786
2.224000	-1.511727	0.767794	1.378323	2.720079	0.613138	0.032902
2.225000	-1.518434	0.770544	1.374077	2.898299	0.618928	0.027218
2.226000	-1.512448	0.762028	1.391507	3.294253	0.609331	0.022958
2.227000	-1.514708	0.765928	1.338132	2.936492	0.612191	0.025667
2.228000	-1.516486	0.769487	1.370931	2.878289	0.617161	0.029877
2.229000	-1.518056	0.775729	1.313365	2.345218	0.622175	0.031317
2.230000	-1.510498	0.762936	1.458579	3.385263	0.611560	0.023986
2.231000	-1.499102	0.749852	1.423375	3.463335	0.592460	0.034694
2.232000	-1.512853	0.769355	1.361102	2.760403	0.615975	0.031663
2.233000	-1.498592	0.751552	1.432282	3.388042	0.594384	0.035229
2.234000	-1.502878	0.754213	1.428575	3.390095	0.598422	0.031290
2.235000	-1.500813	0.748364	1.405031	3.556486	0.591099	0.039043
2.236000	-1.508794	0.763986	1.341165	3.028801	0.610129	0.041599
2.237000	-1.496380	0.749759	1.435696	3.548685	0.593147	0.046985
2.238000	-1.500056	0.756148	1.387998	3.073090	0.598625	0.043598
2.239000	-1.499933	0.756577	1.460351	3.226402	0.600628	0.044780
2.240000	-1.498850	0.755760	1.453406	3.361447	0.600586	0.032909
2.241000	-1.493462	0.750501	1.358604	3.163942	0.590948	0.049293
2.242000	-1.488633	0.742561	1.434276	3.470659	0.581792	0.049441
2.243000	-1.485077	0.734626	1.449003	4.039288	0.575066	0.044008
2.244000	-1.492125	0.748686	1.413310	3.429906	0.590596	0.047757
2.245000	-1.486766	0.747430	1.424938	3.234427	0.587017	0.056991
2.246000	-1.484787	0.742173	1.420579	3.331715	0.580051	0.054399
2.247000	-1.481484	0.741320	1.412861	3.413378	0.579516	0.064259
2.248000	-1.475470	0.728500	1.445860	3.942147	0.565329	0.064824
2.249000	-1.486453	0.745772	1.414587	3.269295	0.584897	0.059094
2.250000	-1.486825	0.746092	1.347514	3.292657	0.585593	0.059111
2.251000	-1.488533	0.753740	1.335115	2.747365	0.592281	0.062980
2.252000	-1.482088	0.739782	1.432925	3.528015	0.578313	0.061896
2.253000	-1.489292	0.745176	1.412562	3.533167	0.586382	0.054708
2.254000	-1.468244	0.719377	1.526697	4.437315	0.556572	0.055652
2.255000	-1.477323	0.741949	1.402216	3.138714	0.578136	0.064506
2.256000	-1.472259	0.731562	1.454553	3.627293	0.567148	0.062815
2.257000	-1.471895	0.732115	1.459323	3.714559	0.568741	0.064357
2.258000	-1.473831	0.731553	1.484524	3.729013	0.568061	0.060795
2.259000	-1.474714	0.735756	1.431091	3.426596	0.571574	0.065152
2.260000	-1.465695	0.723793	1.486369	3.989187	0.559093	0.065826
2.261000	-1.460044	0.718678	1.490269	3.911354	0.551043	0.072431
2.262000	-1.464738	0.725684	1.533635	3.917736	0.561234	0.068826
2.263000	-1.462064	0.720743	1.451705	3.998350	0.554815	0.074908
2.264000	-1.465078	0.727672	1.476597	3.523508	0.560667	0.065492
2.265000	-1.446352	0.705137	1.570828	4.296884	0.535236	0.077101
2.266000	-1.453545	0.713218	1.486623	4.288714	0.546642	0.083487
2.267000	-1.449531	0.701655	1.566305	4.723434	0.534149	0.068270
2.268000	-1.450020	0.703440	1.499733	4.490054	0.534607	0.076798
2.269000	-1.453184	0.710920	1.498559	4.239152	0.542979	0.076487
2.270000	-1.435830	0.691343	1.577443	4.815324	0.520653	0.079563
2.271000	-1.450022	0.707700	1.564298	4.336118	0.539305	0.076510
2.272000	-1.447405	0.710570	1.487920	4.116395	0.541443	0.087781
2.273000	-1.450914	0.715336	1.448875	3.780766	0.545275	0.088219
2.274000	-1.451881	0.713786	1.460819	4.032320	0.545309	0.081314
2.275000	-1.438480	0.689327	1.552141	5.135596	0.520811	0.076321
2.276000	-1.446052	0.709160	1.446521	4.039304	0.538820	0.082607
2.277000	-1.442692	0.698734	1.578037	4.657415	0.529655	0.074894
2.278000	-1.446141	0.707995	1.497894	4.362318	0.540074	0.081572
2.279000	-1.431255	0.694169	1.577570	4.411138	0.521140	0.086488
2.280000	-1.448570	0.717444	1.507453	3.799889	0.548568	0.085558
2.281000	-1.441677	0.702379	1.501369	4.466751	0.533136	0.086312
2.282000	-1.426025	0.678141	1.547984	5.150959	0.505791	0.087569
2.283000	-1.428197	0.690416	1.553735	4.547181	0.517226	0.089600
2.284000	-1.425339	0.691034	1.463482	4.237114	0.515330	0.096435
2.285000	-1.429725	0.691933	1.523677	4.587448	0.519718	0.088361
2.286000	-1.429398	0.691208	1.528462	4.521860	0.518147	0.089408
2.287000	-1.422414	0.682691	1.570749	4.593472	0.507103	0.089475
2.288000	-1.429005	0.693914	1.484862	4.296091	0.519913	0.094604
2.289000	-1.431113	0.697995	1.474189	4.175848	0.524535	0.092603
2.290000	-1.420295	0.677268	1.592262	5.160864	0.504857	0.087177
2.291000	-1.414942	0.676089	1.588266	5.083190	0.502587	0.095692
2.292000	-1.421731	0.684870	1.560926	4.566569	0.509931	0.086216
2.293000	-1.423398	0.692891	1.491337	4.148387	0.517255	0.096916
2.294000	-1.408408	0.669666	1.632127	4.932110	0.492649	0.092505
2.295000	-1.420250	0.685690	1.495044	4.577137	0.511204	0.093624
2.296000	-1.411805	0.670938	1.579335	5.107960	0.495970	0.090256
2.297000	-1.408273	0.667328	1.567529	5.144816	0.491489	0.098554
2.298000	-1.418345	0.685226	1.490458	4.407286	0.509097	0.097371
2.299000	-1.412022	0.678132	1.515793	4.456264	0.499882	0.100645
2.300000	-1.407644	0.669791	1.551539	4.958663	0.493170	0.101458
2.301000	-1.409275	0.675247	1.533394	4.792235	0.499032	0.105142
2.302000	-1.417512	0.690926	1.495480	4.212707	0.515260	0.107207
2.303000	-1.399622	0.661442	1.544707	5.021170	0.482677	0.102605
2.304000	-1.398400	0.664523	1.576101	4.852746	0.485266	0.102477
2.305000	-1.396753	0.660663	1.569628	4.972581	0.481248	0.102126
2.306000	-1.385523	0.646031	1.586202	5.325020	0.465323	0.106402
2.307000	-1.403303	0.673154	1.478656	4.468037	0.493401	0.107091
2.308000	-1.393605	0.657559	1.580087	5.114777	0.478497	0.102835
2.309000	-1.389977	0.644838	1.643054	6.012143	0.470043	0.091917
2.310000	-1.381734	0.642481	1.649023	5.352170	0.461077	0.099087
2.311000	-1.383348	0.645909	1.605125	5.470226	0.466580	0.105332
2.312000	-1.381123	0.642224	1.567396	5.344871	0.460723	0.103557
2.313000	-1.381398	0.640420	1.592201	5.546818	0.460255	0.104940
2.314000	-1.392834	0.660884	1.511312	4.881616	0.480892	0.111269
2.315000	-1.371989	0.625145	1.608586	5.842214	0.443638	0.098676
2.316000	-1.378255	0.647234	1.489487	4.720125	0.461614	0.115058
2.317000	-1.381777	0.646584	1.543339	5.163029	0.464800	0.110192
2.318000	-1.385356	0.655969	1.508549	4.880043	0.474482	0.113588
2.319000	-1.370488	0.631872	1.560206	5.447501	0.448609	0.110857
2.320000	-1.380614	0.654723	1.514371	4.682102	0.471093	0.113296
2.321000	-1.372025	0.631972	1.541495	5.586851	0.450041	0.106303
2.322000	-1.354980	0.613560	1.562206	5.690039	0.428066	0.111290
2.323000	-1.370380	0.634848	1.566969	5.410906	0.452131	0.112602
2.324000	-1.378500	0.648776	1.539463	4.972605	0.466052	0.109512
2.325000	-1.376764	0.638620	1.571434	5.428192	0.457134	0.105136
2.326000	-1.370331	0.635272	1.513674	5.264422	0.451403	0.111055
2.327000	-1.349458	0.601379	1.574359	6.109075	0.417187	0.106291
2.328000	-1.362706	0.624720	1.628563	5.702654	0.442133	0.102932
2.329000	-1.358761	0.624299	1.504295	5.266189	0.437659	0.117717
2.330000	-1.368869	0.640978	1.545019	5.015444	0.456501	0.118202
2.331000	-1.361441	0.629307	1.513802	5.301322	0.444298	0.115206
2.332000	-1.349958	0.612536	1.558453	5.661258	0.426771	0.110713
2.333000	-1.352692	0.613413	1.625857	5.998168	0.430938	0.106054
2.334000	-1.352728	0.620794	1.500717	5.243659	0.433192	0.117641
2.335000	-1.362950	0.633529	1.520474	5.178981	0.448597	0.115868
2.336000	-1.358478	0.628684	1.537863	5.346170	0.444027	0.117561
2.337000	-1.351847	0.616674	1.581563	5.545060	0.430907	0.115732
2.338000	-1.349923	0.617249	1.513299	5.450924	0.430779	0.117232
2.339000	-1.343833	0.611402	1.603095	5.590334	0.424890	0.110547
2.340000	-1.336297	0.598912	1.525073	5.842960	0.412104	0.115339
2.341000	-1.321950	0.574431	1.591360	6.223824	0.386885	0.103551
2.342000	-1.341380	0.609038	1.530323	5.484796	0.421104	0.117624
2.343000	-1.346103	0.608059	1.507605	5.785876	0.422690	0.118049
2.344000	-1.346850	0.626140	1.457511	4.914269	0.437047	0.129884
2.345000	-1.343848	0.610578	1.517265	5.427158	0.422519	0.114749
2.346000	-1.340423	0.601017	1.572787	5.908611	0.415369	0.110503
2.347000	-1.336070	0.603863	1.540891	5.668836	0.416623	0.118616
2.348000	-1.333108	0.599014	1.569322	5.660988	0.410740	0.112331
2.349000	-1.320002	0.585168	1.579946	5.888611	0.396454	0.112745
2.350000	-1.335223	0.598905	1.533655	5.885834	0.412717	0.113791
2.351000	-1.323758	0.583745	1.541049	6.065872	0.396464	0.117076
2.352000	-1.340403	0.612777	1.480821	5.179787	0.423085	0.125139
2.353000	-1.330581	0.597614	1.498502	5.770255	0.410179	0.120690
2.354000	-1.335958	0.607039	1.469346	5.435656	0.418479	0.123494
2.355000	-1.322289	0.586241	1.503883	5.903664	0.397987	0.114553
2.356000	-1.318858	0.580530	1.474279	5.829313	0.390664	0.117219
2.357000	-1.323761	0.595981	1.512224	5.514075	0.405962	0.116285
2.358000	-1.304963	0.564097	1.515024	6.087010	0.374272	0.111620
2.359000	-1.321056	0.586956	1.447910	5.629552	0.396393	0.117821
2.360000	-1.309248	0.565354	1.548635	6.320325	0.377891	0.107936
2.361000	-1.307167	0.563743	1.569537	6.394159	0.376777	0.107403
2.362000	-1.317291	0.578764	1.537040	5.970763	0.390057	0.108619
2.363000	-1.309164	0.573431	1.483388	5.717358	0.381597	0.113201
2.364000	-1.307086	0.572120	1.476742	5.739197	0.380319	0.116396
2.365000	-1.315666	0.580102	1.517787	5.873545	0.390779	0.114931
2.366000	-1.308216	0.573667	1.485232	5.733480	0.382084	0.111828
2.367000	-1.301767	0.564543	1.478947	6.017726	0.374349	0.115776
2.368000	-1.307950	0.577279	1.495049	5.850732	0.387370	0.117489
2.369000	-1.297067	0.564424	1.471770	5.732842	0.371626	0.116895
2.370000	-1.305256	0.577541	1.486052	5.674524	0.386088	0.119601
2.371000	-1.305306	0.575673	1.439858	5.683211	0.384036	0.120997
2.372000	-1.296720	0.555527	1.481382	6.254185	0.366559	0.115159
2.373000	-1.297730	0.567055	1.437351	5.590308	0.373371	0.120531
2.374000	-1.295945	0.563243	1.423842	5.873713	0.371712	0.118495
2.375000	-1.281414	0.545856	1.450573	5.897243	0.352670	0.115380
2.376000	-1.292200	0.558809	1.492765	5.882662	0.366866	0.112647
2.377000	-1.289911	0.554696	1.454443	5.907309	0.362538	0.117336
2.378000	-1.288903	0.551083	1.455298	5.987339	0.359309	0.120047
2.379000	-1.277527	0.534277	1.475066	6.239190	0.343433	0.106302
2.380000	-1.284436	0.546466	1.480668	6.098132	0.355318	0.114109
2.381000	-1.289519	0.554859	1.493362	5.991497	0.363595	0.110469
2.382000	-1.287258	0.547524	1.478598	6.084426	0.356396	0.111247
2.383000	-1.288134	0.557202	1.485993	5.840350	0.364839	0.114394
2.384000	-1.272459	0.532089	1.475391	6.256662	0.341384	0.109377
2.385000	-1.272998	0.537611	1.478084	6.116452	0.346009	0.112726
2.386000	-1.277291	0.547663	1.419163	5.746801	0.353496	0.113818
2.387000	-1.278602	0.551560	1.533949	6.000591	0.360169	0.116148
2.388000	-1.279906	0.544416	1.494351	6.190289	0.354132	0.113245
2.389000	-1.265287	0.527780	1.373987	5.963879	0.334207	0.113654
2.390000	-1.267350	0.528135	1.487067	6.254179	0.337315	0.109173
2.391000	-1.257863	0.509813	1.402887	6.427990	0.319946	0.107276
2.392000	-1.269747	0.537132	1.416754	5.754093	0.342276	0.114074
2.393000	-1.271475	0.534105	1.439014	6.196638	0.343193	0.114528
2.394000	-1.260316	0.518830	1.423246	6.285890	0.327968	0.110237
2.395000	-1.264244	0.533689	1.395407	5.840407	0.339464	0.115016
2.396000	-1.258127	0.521658	1.432131	5.938904	0.327711	0.106296
2.397000	-1.249755	0.508128	1.376136	6.004366	0.314415	0.105011
2.398000	-1.264894	0.533936	1.436934	5.956679	0.340885	0.112555
2.399000	-1.256425	0.519885	1.405098	6.076951	0.327228	0.109244
2.400000	-1.248845	0.505728	1.436337	6.281202	0.314647	0.102369
2.401000	-1.257559	0.525136	1.366991	5.766838	0.329854	0.110542
2.402000	-1.255186	0.513850	1.365054	6.236838	0.322561	0.106762
2.403000	-1.256333	0.518489	1.419347	6.019152	0.325331	0.105472
2.404000	-1.255209	0.528648	1.375609	5.550084	0.331588	0.108408
2.405000	-1.254728	0.521415	1.412924	5.918044	0.327471	0.110435
2.406000	-1.238948	0.499871	1.347009	5.912882	0.305443	0.103737
2.407000	-1.257141	0.523166	1.366017	5.895980	0.329138	0.109109
2.408000	-1.233019	0.485667	1.360581	6.259329	0.294749	0.099003
2.409000	-1.244378	0.503467	1.378909	6.163209	0.311476	0.103111
2.410000	-1.237833	0.495061	1.339742	5.903858	0.300665	0.097844
2.411000	-1.239147	0.500343	1.334165	5.866401	0.305593	0.103099
2.412000	-1.234258	0.494837	1.424709	6.283775	0.304068	0.103289
2.413000	-1.240930	0.507042	1.384794	5.967382	0.313339	0.108688
2.414000	-1.234559	0.493420	1.370862	5.983577	0.299886	0.099854
2.415000	-1.229505	0.487894	1.340013	6.123175	0.295804	0.099869
2.416000	-1.230083	0.490445	1.371120	5.948486	0.296675	0.098654
2.417000	-1.220653	0.475833	1.305305	6.105347	0.284060	0.098651
2.418000	-1.235206	0.501018	1.357503	5.970520	0.307412	0.104616
2.419000	-1.222609	0.478034	1.327409	6.092124	0.286083	0.096067
2.420000	-1.218403	0.477849	1.345267	6.160878	0.286579	0.096037
2.421000	-1.218986	0.474468	1.340088	6.217617	0.283920	0.096132
2.422000	-1.219272	0.482341	1.299614	5.953919	0.288983	0.097751
2.423000	-1.221344	0.483445	1.307079	5.935219	0.289895	0.099639
2.424000	-1.216725	0.471273	1.298129	6.065888	0.279534	0.096923
2.425000	-1.213992	0.469098	1.317249	5.888845	0.275836	0.093801
2.426000	-1.223602	0.493915	1.321585	5.695161	0.297922	0.103440
2.427000	-1.218725	0.476874	1.324811	5.931244	0.283640	0.093152
2.428000	-1.214883	0.476518	1.266539	5.898348	0.283012	0.098612
2.429000	-1.210614	0.468037	1.320919	6.051368	0.276476	0.094364
2.430000	-1.223502	0.490805	1.354498	5.900899	0.296902	0.098830
2.431000	-1.211898	0.469827	1.313126	6.017751	0.277882	0.093012
2.432000	-1.212748	0.473816	1.339537	6.008396	0.281581	0.095212
2.433000	-1.212370	0.476907	1.316562	5.926687	0.283767	0.096316
2.434000	-1.214320	0.471558	1.265367	5.981314	0.279236	0.095632
2.435000	-1.209000	0.466117	1.307269	5.821398	0.272637	0.089074
2.436000	-1.208012	0.468780	1.220754	5.657573	0.273590	0.095847
2.437000	-1.212730	0.479766	1.278634	5.646723	0.283929	0.099021
2.438000	-1.207100	0.470695	1.309192	5.846776	0.277235	0.094349
2.439000	-1.197564	0.454172	1.307830	6.076054	0.264161	0.087070
2.440000	-1.200494	0.462066	1.236651	5.610632	0.266981	0.091801
2.441000	-1.201358	0.465751	1.245230	5.729821	0.271559	0.094074
2.442000	-1.198823	0.458580	1.239339	5.789914	0.265526	0.090674
2.443000	-1.189734	0.448000	1.288981	5.813957	0.256186	0.085548
2.444000	-1.200134	0.461631	1.251614	5.865779	0.269103	0.093564
2.445000	-1.193881	0.453423	1.223009	5.804553	0.261030	0.090854
2.446000	-1.190219	0.446856	1.272614	5.958279	0.256610	0.086496
2.447000	-1.193441	0.447980	1.214193	5.797449	0.256101	0.089532
2.448000	-1.190977	0.448567	1.258274	5.968574	0.258287	0.090649
2.449000	-1.184133	0.443670	1.264873	5.783119	0.252166	0.085117
2.450000	-1.197917	0.470055	1.241046	5.463130	0.273235	0.095262
2.451000	-1.188231	0.450576	1.244342	5.691803	0.257513	0.086521
2.452000	-1.188023	0.449284	1.219805	5.896128	0.258330	0.089696
2.453000	-1.179544	0.440868	1.206439	5.735648	0.249324	0.085379
2.454000	-1.180755	0.443041	1.208858	5.513694	0.249140	0.083490
2.455000	-1.174939	0.430981	1.170130	5.479367	0.238291	0.080930
2.456000	-1.179234	0.440973	1.219181	5.660301	0.248761	0.085994
2.457000	-1.180341	0.432912	1.184431	5.805095	0.243128	0.083775
2.458000	-1.185580	0.450462	1.238179	5.698916	0.257634	0.086701
2.459000	-1.176769	0.432391	1.183834	5.651822	0.241251	0.081615
2.460000	-1.170152	0.416516	1.131725	5.763835	0.228873	0.077683
2.461000	-1.173500	0.429768	1.167766	5.525188	0.237816	0.081168
2.462000	-1.174645	0.436613	1.199927	5.665717	0.245119	0.084172
2.463000	-1.156913	0.404979	1.088580	5.383957	0.215807	0.073209
2.464000	-1.175317	0.442106	1.176246	5.469681	0.248104	0.084561
2.465000	-1.181406	0.442739	1.198903	5.624254	0.250173	0.087260
2.466000	-1.162259	0.416177	1.203134	5.776189	0.228845	0.078157
2.467000	-1.175523	0.434159	1.210073	5.720568	0.243621	0.083694
2.468000	-1.166656	0.429587	1.187163	5.625406	0.238777	0.084030
2.469000	-1.165081	0.424115	1.182030	5.668456	0.234543	0.078847
2.470000	-1.166348	0.429769	1.135648	5.371830	0.236531	0.081537
2.471000	-1.158053	0.415686	1.148815	5.372241	0.224650	0.076146
2.472000	-1.164745	0.423766	1.154427	5.585279	0.233511	0.078192
2.473000	-1.162686	0.416191	1.172608	5.715571	0.228428	0.079719
2.474000	-1.159792	0.419021	1.187603	5.724988	0.230905	0.079187
2.475000	-1.157930	0.411539	1.164750	5.582475	0.223336	0.074025
2.476000	-1.155514	0.412264	1.180120	5.605192	0.224174	0.074915
2.477000	-1.155414	0.412595	1.150875	5.589106	0.224313	0.075724
2.478000	-1.146269	0.396834	1.119927	5.538998	0.211093	0.070047
2.479000	-1.156533	0.410973	1.174441	5.652606	0.223637	0.073960
2.480000	-1.153034	0.414151	1.147820	5.343563	0.223287	0.073663
2.481000	-1.158409	0.423666	1.146333	5.451626	0.232327	0.079295
2.482000	-1.152802	0.407247	1.092268	5.375911	0.217971	0.073485
2.483000	-1.151906	0.408832	1.129279	5.408196	0.219599	0.074019
2.484000	-1.148414	0.407365	1.113434	5.301032	0.217383	0.074323
2.485000	-1.154189	0.417835	1.139968	5.346872	0.226488	0.077113
2.486000	-1.143294	0.401251	1.135901	5.465575	0.214078	0.072945
2.487000	-1.147055	0.408960	1.098288	5.423692	0.219939	0.074574
2.488000	-1.144148	0.399773	1.156284	5.728980	0.215497	0.073127
2.489000	-1.137070	0.389856	1.079938	5.328619	0.203796	0.067152
2.490000	-1.141438	0.402882	1.102636	5.401109	0.214848	0.074458
2.491000	-1.140353	0.397594	1.064953	5.255990	0.209224	0.069511
2.492000	-1.136067	0.393062	1.021602	5.052822	0.203684	0.067163
2.493000	-1.145214	0.403066	1.098353	5.307380	0.214147	0.071539
2.494000	-1.136595	0.395086	1.088908	5.333593	0.208054	0.070237
2.495000	-1.135309	0.394064	1.079398	5.267893	0.206628	0.068819
2.496000	-1.146669	0.414509	1.114004	5.318736	0.223676	0.077056
2.497000	-1.133189	0.390280	1.069309	5.291705	0.203933	0.068063
2.498000	-1.133198	0.389893	1.034573	5.127366	0.202048	0.067180
2.499000	-1.129453	0.381628	1.038336	5.223633	0.196632	0.064892
2.500000	-1.131783	0.390661	1.080465	5.156539	0.202973	0.066297
2.501000	-1.128422	0.383644	1.046797	5.313981	0.199098	0.066128
2.502000	-1.130492	0.387503	1.037395	5.093778	0.199942	0.066312
2.503000	-1.134197	0.394428	1.091684	5.292700	0.207322	0.069796
2.504000	-1.127900	0.383605	1.050788	5.212596	0.198139	0.064206
2.505000	-1.128294	0.385284	1.015512	5.111918	0.198464	0.064513
2.506000	-1.121377	0.373798	1.022979	5.012032	0.188788	0.060801
2.507000	-1.118953	0.374091	1.021225	5.074082	0.189634	0.062600
2.508000	-1.125894	0.388601	1.028518	4.975595	0.199756	0.064775
2.509000	-1.124786	0.388022	1.055492	5.059584	0.200149	0.065973
2.510000	-1.125975	0.393126	1.058326	5.216233	0.205691	0.069602
2.511000	-1.120473	0.383440	1.044926	5.145290	0.197494	0.064668
2.512000	-1.124308	0.386509	1.043753	5.085429	0.199290	0.064507
2.513000	-1.118103	0.374609	1.018341	4.989955	0.189315	0.060839
2.514000	-1.117222	0.372852	1.018347	5.114369	0.189244	0.060821
2.515000	-1.117350	0.374675	1.017674	5.109906	0.190582	0.062082
2.516000	-1.108553	0.362352	1.007250	4.933774	0.179788	0.056979
2.517000	-1.109944	0.364586	1.015408	4.929069	0.181386	0.057616
2.518000	-1.114842	0.372180	1.034384	5.082021	0.188504	0.060387
2.519000	-1.107542	0.367791	0.985920	4.871937	0.183210	0.058534
2.520000	-1.110670	0.360848	0.973344	4.949727	0.178935	0.057786
2.521000	-1.115723	0.381673	1.070856	5.172806	0.196614	0.065219
2.522000	-1.107128	0.368299	1.005905	4.833572	0.183263	0.059156
2.523000	-1.115370	0.376805	1.053705	4.953820	0.190805	0.061481
2.524000	-1.108975	0.365403	0.980572	4.823974	0.181081	0.058545
2.525000	-1.104500	0.360089	0.977391	4.897565	0.177970	0.057890
2.526000	-1.108038	0.375241	1.016909	4.925543	0.189407	0.060345
2.527000	-1.101383	0.360125	0.982663	4.762662	0.176703	0.055600
2.528000	-1.105375	0.363207	0.980526	4.835818	0.179673	0.056229
2.529000	-1.098509	0.355684	0.914487	4.629754	0.172248	0.055285
2.530000	-1.094903	0.352166	0.953321	4.756647	0.171030	0.052988
2.531000	-1.107528	0.373542	1.008015	4.908558	0.188063	0.060940
2.532000	-1.095547	0.358079	0.995541	4.766467	0.175364	0.055168
2.533000	-1.100516	0.359513	0.980926	4.828778	0.177028	0.055581
2.534000	-1.093200	0.352394	0.938680	4.733718	0.171038	0.053779
2.535000	-1.097630	0.358187	0.971687	4.722023	0.175057	0.054637
2.536000	-1.094109	0.350991	0.939448	4.645671	0.169216	0.052009
2.537000	-1.097305	0.355872	0.968109	4.781402	0.174029	0.055351
2.538000	-1.093728	0.353567	0.956251	4.676705	0.171375	0.054456
2.539000	-1.085986	0.348268	0.910547	4.554933	0.166466	0.050814
2.540000	-1.093862	0.360224	0.997328	4.657270	0.175970	0.055208
2.541000	-1.088583	0.347655	0.969722	4.634052	0.166860	0.050570
2.542000	-1.089277	0.349770	0.971628	4.690599	0.168915	0.052601
2.543000	-1.089267	0.346759	0.963922	4.764705	0.167573	0.052937
2.544000	-1.090378	0.355057	0.904562	4.638273	0.172158	0.054093
2.545000	-1.078245	0.332244	0.913560	4.402558	0.154154	0.045609
2.546000	-1.086302	0.350739	0.927092	4.535971	0.168130	0.052382
2.547000	-1.092102	0.354136	0.940520	4.660065	0.171776	0.053276
2.548000	-1.092205	0.352832	0.901068	4.586042	0.170136	0.053055
2.549000	-1.081958	0.340733	0.948392	4.553241	0.161436	0.049548
2.550000	-1.078425	0.345238	0.916898	4.471777	0.163733	0.050650
2.551000	-1.077314	0.336209	0.920228	4.460292	0.157483	0.047915
2.552000	-1.073009	0.324630	0.858739	4.260098	0.147853	0.043929
2.553000	-1.080069	0.341378	0.902638	4.501606	0.161432	0.049924
2.554000	-1.083172	0.338241	0.917018	4.445486	0.158757	0.048306
2.555000	-1.079956	0.345643	0.915915	4.498414	0.164365	0.050977
2.556000	-1.078192	0.345120	0.933737	4.487131	0.163909	0.050298
2.557000	-1.081662	0.348548	0.976345	4.628619	0.167717	0.052005
2.558000	-1.071884	0.337351	0.865622	4.363344	0.157405	0.047964
2.559000	-1.069630	0.324789	0.918307	4.302849	0.148500	0.042977
2.560000	-1.074039	0.332263	0.917960	4.510365	0.155502	0.048527
2.561000	-1.078328	0.338298	0.902398	4.374737	0.158210	0.047286
2.562000	-1.072605	0.341712	0.888712	4.266239	0.159463	0.047751
2.563000	-1.073130	0.330472	0.890291	4.470668	0.153971	0.047465
2.564000	-1.065458	0.321562	0.892642	4.448211	0.147954	0.045083
2.565000	-1.059834	0.324658	0.864624	4.159867	0.147083	0.042771
2.566000	-1.069631	0.325875	0.862392	4.287509	0.149170	0.044074
2.567000	-1.067811	0.330377	0.914593	4.445148	0.153722	0.045831
2.568000	-1.071373	0.330291	0.892949	4.469866	0.153930	0.046394
2.569000	-1.064688	0.328246	0.878484	4.273250	0.150628	0.044362
2.570000	-1.065452	0.329184	0.893748	4.338524	0.151917	0.045037
2.571000	-1.061281	0.319430	0.827986	4.190440	0.144120	0.042691
2.572000	-1.062664	0.326886	0.860513	4.140268	0.148451	0.043679
2.573000	-1.059186	0.320921	0.869539	4.227049	0.145475	0.042607
2.574000	-1.055822	0.315389	0.844120	4.016489	0.139855	0.040050
2.575000	-1.055961	0.319243	0.855794	4.121875	0.143376	0.041233
2.576000	-1.054433	0.312011	0.847913	4.051912	0.138123	0.039409
2.577000	-1.055408	0.321085	0.839226	4.034732	0.143711	0.040929
2.578000	-1.061066	0.327330	0.871836	4.212374	0.149565	0.044016
2.579000	-1.057172	0.316389	0.879012	4.237667	0.142793	0.041432
2.580000	-1.053745	0.319661	0.870262	4.187545	0.144386	0.041771
2.581000	-1.055284	0.315766	0.824825	4.119287	0.141239	0.040585
2.582000	-1.054555	0.313960	0.851943	4.114446	0.140069	0.041077
2.583000	-1.050983	0.313564	0.797902	4.019100	0.138875	0.039581
2.584000	-1.054389	0.316852	0.835456	4.078006	0.141558	0.040610
2.585000	-1.054423	0.314474	0.848601	4.248385	0.141793	0.041479
2.586000	-1.048681	0.314173	0.834116	4.088598	0.140006	0.040512
2.587000	-1.056720	0.324807	0.833281	4.032826	0.146253	0.042693
2.588000	-1.042752	0.300881	0.816826	3.845931	0.129409	0.035713
2.589000	-1.049561	0.318527	0.839902	4.001197	0.141924	0.041144
2.590000	-1.044252	0.302459	0.807733	3.924780	0.131189	0.036661
2.591000	-1.044784	0.308802	0.829573	3.905714	0.134889	0.037761
2.592000	-1.044214	0.304177	0.819688	3.955465	0.132572	0.036055
2.593000	-1.041436	0.303532	0.794544	3.895699	0.131591	0.036272
2.594000	-1.039205	0.306547	0.834908	3.974944	0.134248	0.038370
2.595000	-1.040953	0.311274	0.803436	3.926937	0.136698	0.037693
2.596000	-1.036780	0.295620	0.748867	3.671739	0.124625	0.033384
2.597000	-1.040242	0.305759	0.786035	3.875318	0.132802	0.036679
2.598000	-1.041478	0.306365	0.826544	3.873249	0.133167	0.036804
2.599000	-1.043495	0.313704	0.837467	3.963225	0.138646	0.039354
2.600000	-1.043872	0.312105	0.786051	3.800901	0.136013	0.037158
2.601000	-1.031139	0.291248	0.756730	3.640141	0.121810	0.032156
2.602000	-1.035916	0.301776	0.792047	3.737913	0.129061	0.035055
2.603000	-1.041602	0.304113	0.796279	3.902243	0.132162	0.036765
2.604000	-1.037153	0.302195	0.775400	3.790417	0.129877	0.035464
2.605000	-1.037892	0.307689	0.808246	3.866249	0.134015	0.036938
2.606000	-1.032358	0.298995	0.794013	3.706428	0.127128	0.034460
2.607000	-1.035313	0.301322	0.787332	3.758325	0.129068	0.035323
2.608000	-1.036641	0.302634	0.759224	3.754045	0.129831	0.035485
2.609000	-1.031597	0.301267	0.831703	3.859593	0.130097	0.035641
2.610000	-1.029969	0.299766	0.780650	3.733564	0.127925	0.034600
2.611000	-1.032692	0.301625	0.756320	3.685628	0.128568	0.034465
2.612000	-1.030838	0.299379	0.774937	3.721071	0.127594	0.034535
2.613000	-1.027397	0.291199	0.787977	3.712053	0.122686	0.033218
2.614000	-1.025992	0.294895	0.763260	3.664866	0.124385	0.033463
2.615000	-1.031833	0.304999	0.787470	3.657663	0.130387	0.035305
2.616000	-1.024800	0.293762	0.757718	3.618774	0.123275	0.032747
2.617000	-1.023378	0.294779	0.771584	3.622276	0.123924	0.032857
2.618000	-1.024955	0.288950	0.759112	3.611578	0.120426	0.031866
2.619000	-1.025238	0.293705	0.749457	3.613081	0.123226	0.032716
2.620000	-1.025117	0.288242	0.745756	3.672571	0.120670	0.032166
2.621000	-1.018153	0.287502	0.761854	3.577559	0.119285	0.030998
2.622000	-1.022188	0.284847	0.729290	3.625732	0.118273	0.031425
2.623000	-1.024863	0.298239	0.743913	3.528428	0.125099	0.032556
2.624000	-1.024425	0.285930	0.736888	3.464601	0.117268	0.029859
2.625000	-1.023342	0.288449	0.713895	3.453629	0.118616	0.030574
2.626000	-1.023091	0.294662	0.763254	3.795484	0.125759	0.034640
2.627000	-1.019602	0.292051	0.728599	3.580998	0.122041	0.032497
2.628000	-1.015275	0.285444	0.741967	3.561427	0.118038	0.030800
2.629000	-1.018903	0.292366	0.767256	3.609757	0.122549	0.032935
2.630000	-1.012241	0.283680	0.723406	3.435642	0.115770	0.029874
2.631000	-1.017481	0.288573	0.734226	3.550972	0.119769	0.031559
2.632000	-1.017552	0.286492	0.728419	3.479952	0.117856	0.030149
2.633000	-1.010527	0.276554	0.715231	3.394977	0.111400	0.028002
2.634000	-1.009842	0.278153	0.719307	3.412676	0.112482	0.028631
2.635000	-1.011641	0.286494	0.732332	3.440104	0.117488	0.030315
2.636000	-1.012681	0.280919	0.725743	3.436632	0.114302	0.029588
2.637000	-1.012244	0.283377	0.719421	3.357831	0.114891	0.029203
2.638000	-1.008711	0.275659	0.723967	3.402346	0.111048	0.027736
2.639000	-1.010184	0.279415	0.734518	3.429943	0.113431	0.028852
2.640000	-1.010995	0.282761	0.766216	3.589134	0.116967	0.030648
2.641000	-1.006100	0.276831	0.726894	3.334449	0.111035	0.027794
2.642000	-1.008328	0.281509	0.734194	3.404848	0.114387	0.029212
2.643000	-1.005577	0.277311	0.759802	3.491169	0.112945	0.029137
2.644000	-1.009722	0.280546	0.752305	3.431133	0.114143	0.029721
2.645000	-1.005305	0.278221	0.725443	3.314792	0.111656	0.027788
2.646000	-1.001592	0.279024	0.704333	3.242442	0.111368	0.027416
2.647000	-1.007537	0.285651	0.685637	3.306004	0.115780	0.029135
2.648000	-1.006827	0.277024	0.695924	3.328034	0.111167	0.027602
2.649000	-1.000798	0.269677	0.688821	3.246996	0.106324	0.026163
2.650000	-1.005941	0.282284	0.708069	3.336079	0.114218	0.028299
2.651000	-1.001847	0.275080	0.696881	3.350125	0.110361	0.027520
2.652000	-1.002441	0.274611	0.726152	3.402660	0.110661	0.028070
2.653000	-1.001087	0.270489	0.717346	3.338316	0.107760	0.026608
2.654000	-1.004552	0.279121	0.719551	3.394653	0.113102	0.028621
2.655000	-0.999150	0.278621	0.685194	3.232524	0.111155	0.027225
2.656000	-0.999666	0.268885	0.677957	3.218893	0.105695	0.025820
2.657000	-0.991769	0.270830	0.677134	3.093443	0.105456	0.024954
2.658000	-0.998953	0.278363	0.702395	3.209522	0.110810	0.026920
2.659000	-0.994433	0.273433	0.695394	3.170451	0.107696	0.026079
2.660000	-0.995109	0.266355	0.666520	3.131702	0.103486	0.024364
2.661000	-0.993467	0.266428	0.682409	3.147259	0.103698	0.024305
2.662000	-0.995273	0.264842	0.685718	3.186887	0.103280	0.024983
2.663000	-0.990812	0.266470	0.682945	3.121847	0.103481	0.024384
2.664000	-0.991214	0.261498	0.680584	3.161184	0.101277	0.024277
2.665000	-0.991898	0.269462	0.690263	3.191404	0.105833	0.025841
2.666000	-0.992311	0.270901	0.671225	3.121621	0.105896	0.025269
2.667000	-0.989616	0.266646	0.654540	3.076355	0.103150	0.024196
2.668000	-0.986548	0.262673	0.666077	3.026599	0.100540	0.023351
2.669000	-0.988977	0.263087	0.684094	3.153921	0.102097	0.024435
2.670000	-0.983347	0.257212	0.670004	3.014153	0.097595	0.022814
2.671000	-0.987541	0.264589	0.685640	3.180507	0.103191	0.024920
2.672000	-0.985244	0.263374	0.702295	3.039315	0.101089	0.023466
2.673000	-0.981472	0.254494	0.652722	2.994415	0.096033	0.021980
2.674000	-0.986953	0.262620	0.679264	3.100574	0.101355	0.023861
2.675000	-0.985142	0.264052	0.663491	3.069568	0.101798	0.023773
2.676000	-0.979597	0.256343	0.663735	2.891743	0.095939	0.021590
2.677000	-0.984286	0.263118	0.667209	3.016209	0.100772	0.023563
2.678000	-0.984445	0.269105	0.668967	3.194753	0.105838	0.025832
2.679000	-0.978839	0.255286	0.658260	2.901203	0.095532	0.021352
2.680000	-0.977341	0.257273	0.658435	2.918425	0.096742	0.021254
2.681000	-0.979209	0.255255	0.658671	2.915708	0.095690	0.021548
2.682000	-0.984003	0.267300	0.675446	3.112303	0.104056	0.024508
2.683000	-0.974881	0.254677	0.646834	2.999454	0.096296	0.022084
2.684000	-0.977630	0.256922	0.670757	3.002709	0.097490	0.022903
2.685000	-0.974767	0.257804	0.627110	2.887323	0.096746	0.021620
2.686000	-0.976675	0.263820	0.659525	2.968660	0.100748	0.022880
2.687000	-0.977495	0.259034	0.659678	2.939990	0.097957	0.022152
2.688000	-0.972991	0.256566	0.638635	2.877567	0.096041	0.021633
2.689000	-0.978844	0.260572	0.643986	2.975770	0.099155	0.022777
2.690000	-0.973681	0.250797	0.632585	2.883248	0.093196	0.021004
2.691000	-0.976678	0.258181	0.654526	3.011125	0.098310	0.022941
2.692000	-0.969309	0.252232	0.624023	2.829009	0.093370	0.020454
2.693000	-0.975464	0.254594	0.639731	2.869458	0.095003	0.021339
2.694000	-0.969891	0.243055	0.607044	2.802475	0.088568	0.019398
2.695000	-0.969539	0.247180	0.642139	2.838048	0.090975	0.020094
2.696000	-0.968645	0.251507	0.639203	2.872584	0.093508	0.020885
2.697000	-0.967814	0.252284	0.626700	2.766884	0.092797	0.019941
2.698000	-0.967339	0.247245	0.610231	2.683073	0.089407	0.018883
2.699000	-0.967597	0.249947	0.641545	2.769260	0.091670	0.019582
2.700000	-0.968275	0.248759	0.636079	2.769943	0.091095	0.019575
2.701000	-0.969786	0.254098	0.646835	2.851399	0.094650	0.021144
2.702000	-0.965481	0.242795	0.633788	2.721557	0.087674	0.018482
2.703000	-0.965414	0.248842	0.604513	2.751287	0.090972	0.019774
2.704000	-0.966684	0.250302	0.642807	2.941820	0.093724	0.021320
2.705000	-0.963452	0.248195	0.642002	2.743753	0.090593	0.019532
2.706000	-0.966689	0.251336	0.637907	2.820072	0.092979	0.020340
2.707000	-0.965722	0.247235	0.622265	2.813385	0.090875	0.020059
2.708000	-0.961180	0.247575	0.629213	2.760890	0.090498	0.019623
2.709000	-0.967842	0.257069	0.631555	2.790800	0.095617	0.021043
2.710000	-0.963319	0.245870	0.613494	2.815681	0.090258	0.019980
2.711000	-0.955953	0.234516	0.597662	2.603461	0.082568	0.017070
2.712000	-0.961994	0.249315	0.616376	2.747038	0.091259	0.019640
2.713000	-0.961072	0.246665	0.643816	2.748695	0.089973	0.019503
2.714000	-0.959334	0.246619	0.629261	2.729018	0.089753	0.019484
2.715000	-0.958753	0.244351	0.610052	2.711211	0.088461	0.019230
2.716000	-0.960575	0.247781	0.618818	2.685104	0.089883	0.019175
2.717000	-0.957948	0.241780	0.588929	2.674585	0.086844	0.018525
2.718000	-0.955862	0.241016	0.623390	2.709748	0.086858	0.018832
2.719000	-0.954939	0.236203	0.602939	2.589897	0.083299	0.017270
2.720000	-0.952852	0.239672	0.621795	2.751923	0.086682	0.018698
2.721000	-0.953500	0.238208	0.598607	2.538167	0.083721	0.017138
2.722000	-0.952592	0.237737	0.620856	2.689850	0.085120	0.018378
2.723000	-0.955909	0.243766	0.606238	2.712590	0.088275	0.018959
2.724000	-0.954728	0.242410	0.589934	2.596557	0.086392	0.017863
2.725000	-0.952609	0.245152	0.620469	2.727693	0.089135	0.019520
2.726000	-0.951917	0.238350	0.617997	2.621566	0.084726	0.017647
2.727000	-0.954164	0.239012	0.637835	2.656435	0.085424	0.018195
2.728000	-0.952055	0.242882	0.603942	2.590012	0.086591	0.017968
2.729000	-0.947753	0.234029	0.602855	2.560848	0.082069	0.017007
2.730000	-0.947881	0.238623	0.583950	2.508783	0.083695	0.016692
2.731000	-0.949291	0.241894	0.592196	2.643055	0.086709	0.018024
2.732000	-0.945430	0.229769	0.574512	2.454924	0.078992	0.015593
2.733000	-0.951758	0.244652	0.611888	2.674263	0.088404	0.018784
2.734000	-0.949600	0.240545	0.598357	2.628312	0.085931	0.018078
2.735000	-0.949133	0.239262	0.601088	2.648097	0.085538	0.018114
2.736000	-0.946452	0.238872	0.620541	2.667792	0.085572	0.018398
2.737000	-0.945178	0.233559	0.590254	2.571939	0.082047	0.016783
2.738000	-0.946178	0.239938	0.582478	2.554885	0.084896	0.017253
2.739000	-0.940606	0.237666	0.588869	2.504960	0.083286	0.016822
2.740000	-0.944502	0.233102	0.590806	2.531982	0.081437	0.016628
2.741000	-0.943352	0.234659	0.588434	2.487245	0.081696	0.016365
2.742000	-0.940498	0.231242	0.584055	2.471083	0.079941	0.015996
2.743000	-0.942925	0.233820	0.574728	2.477572	0.081218	0.016144
2.744000	-0.943203	0.232676	0.577667	2.479855	0.080719	0.016075
2.745000	-0.942198	0.235341	0.601721	2.511889	0.082319	0.016644
2.746000	-0.940553	0.230341	0.565155	2.426434	0.079084	0.015493
2.747000	-0.938853	0.227863	0.587990	2.507686	0.078830	0.015933
2.748000	-0.937292	0.222937	0.560144	2.334760	0.074763	0.014177
2.749000	-0.943539	0.235821	0.578913	2.548584	0.082979	0.016972
2.750000	-0.940066	0.235085	0.572266	2.467997	0.081777	0.016365
2.751000	-0.935758	0.227433	0.595718	2.443772	0.077987	0.015531
2.752000	-0.934414	0.228245	0.577153	2.383185	0.077715	0.014954
2.753000	-0.934056	0.225505	0.569697	2.321162	0.075814	0.014416
2.754000	-0.932859	0.226063	0.558323	2.378551	0.076693	0.014873
2.755000	-0.938634	0.230648	0.599248	2.480798	0.079896	0.016125
2.756000	-0.935255	0.228268	0.564533	2.377030	0.077696	0.014958
2.757000	-0.932541	0.223608	0.562403	2.381973	0.075653	0.014742
2.758000	-0.936588	0.234580	0.571843	2.507326	0.082041	0.016440
2.759000	-0.927925	0.223279	0.541163	2.263684	0.074250	0.013758
2.760000	-0.932394	0.226988	0.582871	2.366385	0.077036	0.014879
2.761000	-0.929358	0.225166	0.582992	2.453829	0.077165	0.015461
2.762000	-0.932795	0.227257	0.577631	2.413909	0.077690	0.015204
2.763000	-0.929388	0.227313	0.578924	2.403951	0.077617	0.015279
2.764000	-0.926975	0.225446	0.555582	2.320959	0.075885	0.014317
2.765000	-0.929831	0.229431	0.554017	2.310850	0.077598	0.014700
2.766000	-0.925628	0.219497	0.549264	2.199429	0.071943	0.013074
2.767000	-0.927442	0.229226	0.569554	2.370396	0.078165	0.015236
2.768000	-0.921102	0.220981	0.537774	2.253357	0.073197	0.013494
2.769000	-0.927412	0.226099	0.566575	2.380394	0.076868	0.015063
2.770000	-0.922770	0.222673	0.554473	2.310088	0.074579	0.013964
2.771000	-0.924405	0.222332	0.571158	2.301279	0.074341	0.014119
2.772000	-0.925339	0.220524	0.567529	2.192178	0.072368	0.013112
2.773000	-0.921459	0.223148	0.559835	2.297622	0.074683	0.014019
2.774000	-0.921388	0.217998	0.538385	2.175905	0.071101	0.012667
2.775000	-0.927191	0.221497	0.538601	2.233311	0.073270	0.013527
2.776000	-0.923086	0.220416	0.532989	2.224764	0.072708	0.013320
2.777000	-0.922883	0.221302	0.567330	2.364919	0.074628	0.014489
2.778000	-0.924123	0.222373	0.550843	2.301917	0.074429	0.014168
2.779000	-0.921286	0.223538	0.541330	2.215097	0.074015	0.013480
2.780000	-0.925603	0.220601	0.569384	2.293807	0.073574	0.013843
2.781000	-0.920895	0.220803	0.553843	2.221656	0.072888	0.013390
2.782000	-0.923356	0.224005	0.555730	2.346570	0.075679	0.014645
2.783000	-0.919392	0.220484	0.547865	2.260974	0.073193	0.013615
2.784000	-0.916112	0.216627	0.559483	2.251786	0.071416	0.013354
2.785000	-0.924863	0.223214	0.558134	2.279397	0.074622	0.014258
2.786000	-0.915858	0.220521	0.552855	2.278866	0.073430	0.013888
2.787000	-0.917342	0.223067	0.550414	2.259227	0.074355	0.013680
2.788000	-0.918803	0.221170	0.532496	2.226802	0.073167	0.013503
2.789000	-0.912908	0.217342	0.529072	2.174526	0.070928	0.012696
2.790000	-0.917200	0.217242	0.534590	2.168459	0.070827	0.012552
2.791000	-0.919112	0.220030	0.554478	2.264149	0.073098	0.013679
2.792000	-0.912242	0.214037	0.519210	2.099929	0.068714	0.012048
2.793000	-0.914677	0.222859	0.547016	2.244792	0.074157	0.013844
2.794000	-0.914631	0.221561	0.536239	2.227957	0.073405	0.013348
2.795000	-0.912847	0.217339	0.547625	2.162713	0.070849	0.012874
2.796000	-0.911511	0.215270	0.523447	2.117566	0.069469	0.012085
2.797000	-0.908408	0.209799	0.521545	2.097622	0.066934	0.011896
2.798000	-0.907594	0.212390	0.512893	2.094583	0.068003	0.011833
2.799000	-0.908984	0.213176	0.532533	2.127702	0.068707	0.012316
2.800000	-0.907891	0.213040	0.538464	2.112918	0.068496	0.012210
2.801000	-0.909345	0.213878	0.542386	2.143815	0.069200	0.012349
2.802000	-0.905977	0.209388	0.529807	2.139537	0.067261	0.012114
2.803000	-0.910958	0.216598	0.514499	2.124201	0.070173	0.012365
2.804000	-0.905161	0.215442	0.526015	2.100638	0.069424	0.012228
2.805000	-0.909192	0.218398	0.538296	2.155737	0.071318	0.012988
2.806000	-0.905133	0.207784	0.520714	2.018788	0.065302	0.011066
2.807000	-0.907844	0.214040	0.529352	2.116053	0.069015	0.012248
2.808000	-0.908898	0.210778	0.517857	2.103779	0.067503	0.011858
2.809000	-0.906698	0.206473	0.535393	2.044922	0.065070	0.011306
2.810000	-0.907209	0.215080	0.544560	2.120806	0.069539	0.012390
2.811000	-0.907937	0.217217	0.512975	2.112246	0.070377	0.012404
2.812000	-0.904098	0.214062	0.511951	2.051512	0.068357	0.011761
2.813000	-0.902572	0.206588	0.512072	1.985197	0.064493	0.010877
2.814000	-0.905247	0.215074	0.506961	2.111307	0.069465	0.012319
2.815000	-0.901361	0.205648	0.523135	2.003218	0.064319	0.010991
2.816000	-0.902581	0.210153	0.503878	2.047092	0.066682	0.011440
2.817000	-0.900431	0.205236	0.503700	1.978402	0.063892	0.010602
2.818000	-0.902834	0.207016	0.510967	1.934823	0.064154	0.010457
2.819000	-0.901511	0.207936	0.511706	2.033310	0.065628	0.011115
2.820000	-0.898523	0.212638	0.513233	2.075394	0.068076	0.011887
2.821000	-0.897342	0.204853	0.498250	1.905575	0.062963	0.010049
2.822000	-0.900494	0.206924	0.502694	1.984597	0.064695	0.010962
2.823000	-0.898577	0.211987	0.525362	2.088923	0.067974	0.011970
2.824000	-0.898709	0.212787	0.526024	2.069739	0.068110	0.011970
2.825000	-0.899372	0.210889	0.522946	2.063691	0.067247	0.011755
2.826000	-0.897109	0.205066	0.513039	2.021051	0.064363	0.011053
2.827000	-0.897147	0.211110	0.517139	2.104937	0.067812	0.011996
2.828000	-0.894322	0.206638	0.520376	2.025222	0.065071	0.011212
2.829000	-0.899392	0.212765	0.505964	2.046097	0.067880	0.011670
2.830000	-0.895834	0.205834	0.507121	2.007071	0.064555	0.011054
2.831000	-0.892630	0.202227	0.489283	1.935574	0.062301	0.010362
2.832000	-0.892866	0.202560	0.507040	1.998659	0.063141	0.010703
2.833000	-0.894333	0.207603	0.506380	1.987476	0.065093	0.010914
2.834000	-0.891491	0.201994	0.511448	1.977985	0.062698	0.010669
2.835000	-0.891411	0.203297	0.504015	1.919111	0.062582	0.010243
2.836000	-0.894653	0.204634	0.506418	1.958916	0.063576	0.010473
2.837000	-0.888586	0.201091	0.496547	1.878943	0.061260	0.009690
2.838000	-0.891797	0.208947	0.517687	2.002262	0.065856	0.011247
2.839000	-0.892361	0.202551	0.513054	1.940970	0.062552	0.010300
2.840000	-0.891020	0.206255	0.506152	1.978922	0.064495	0.011013
2.841000	-0.889392	0.202052	0.495730	1.882647	0.061718	0.010010
2.842000	-0.892175	0.203509	0.507830	1.950153	0.063066	0.010308
2.843000	-0.890906	0.202586	0.487364	1.833035	0.061398	0.009549
2.844000	-0.888291	0.200660	0.492393	1.878335	0.061132	0.009766
2.845000	-0.888787	0.203988	0.495532	1.902262	0.062752	0.010156
2.846000	-0.885578	0.203293	0.495643	1.934204	0.062831	0.010352
2.847000	-0.888950	0.196034	0.500383	1.835215	0.058839	0.009350
2.848000	-0.887888	0.207672	0.486189	1.963176	0.064968	0.010718
2.849000	-0.884020	0.201073	0.489859	1.881543	0.061370	0.009887
2.850000	-0.880933	0.197268	0.483984	1.805059	0.059010	0.009171
2.851000	-0.885336	0.200650	0.488625	1.864052	0.061020	0.009849
2.852000	-0.881078	0.196609	0.486145	1.822107	0.058954	0.009232
2.853000	-0.882309	0.198972	0.491967	1.837616	0.060069	0.009428
2.854000	-0.876061	0.194835	0.489601	1.785526	0.057867	0.008927
2.855000	-0.882933	0.204753	0.482522	1.891224	0.063015	0.010144
2.856000	-0.881694	0.199218	0.493030	1.799931	0.059768	0.009253
2.857000	-0.881570	0.197463	0.486252	1.846741	0.059601	0.009490
2.858000	-0.879088	0.195948	0.475671	1.759992	0.058044	0.008876
2.859000	-0.878748	0.203052	0.499964	1.932770	0.062815	0.010515
2.860000	-0.876520	0.195762	0.486156	1.811095	0.058556	0.009228
2.861000	-0.879933	0.197820	0.477191	1.820895	0.059482	0.009339
2.862000	-0.878589	0.199048	0.490047	1.827869	0.060055	0.009526
2.863000	-0.879266	0.197180	0.468501	1.817887	0.059211	0.009260
2.864000	-0.876991	0.197780	0.482681	1.820075	0.059479	0.009376
2.865000	-0.874461	0.193439	0.484494	1.751084	0.057016	0.008679
2.866000	-0.874631	0.196999	0.472422	1.768274	0.058605	0.008986
2.867000	-0.876930	0.196478	0.462738	1.831406	0.059114	0.009273
2.868000	-0.874473	0.195887	0.473524	1.750829	0.057987	0.008754
2.869000	-0.882009	0.201895	0.489271	1.851171	0.061508	0.009899
2.870000	-0.875834	0.196412	0.479192	1.770099	0.058422	0.008897
2.871000	-0.875466	0.197802	0.489610	1.812986	0.059458	0.009614
2.872000	-0.876481	0.198401	0.478950	1.852999	0.060151	0.009539
2.873000	-0.872073	0.194690	0.474388	1.795760	0.058057	0.009045
2.874000	-0.872539	0.191278	0.469772	1.735208	0.056068	0.008594
2.875000	-0.874222	0.195954	0.484951	1.745775	0.058004	0.008841
2.876000	-0.873097	0.201052	0.470271	1.792841	0.060563	0.009320
2.877000	-0.871939	0.195723	0.473787	1.780747	0.058320	0.008965
2.878000	-0.868750	0.195119	0.481232	1.752859	0.057777	0.008957
2.879000	-0.872986	0.196088	0.482408	1.767401	0.058327	0.008951
2.880000	-0.873359	0.198120	0.487543	1.760621	0.059058	0.009061
2.881000	-0.871628	0.194346	0.471556	1.725278	0.057187	0.008573
2.882000	-0.868597	0.191280	0.455975	1.731195	0.056077	0.008480
2.883000	-0.867217	0.191140	0.454840	1.682987	0.055488	0.008116
2.884000	-0.868164	0.191673	0.462833	1.716422	0.056075	0.008420
2.885000	-0.868544	0.192303	0.464319	1.664815	0.055742	0.008183
2.886000	-0.865516	0.191548	0.473451	1.733313	0.056231	0.008478
2.887000	-0.868834	0.191362	0.464649	1.717573	0.055989	0.008360
2.888000	-0.869877	0.193809	0.458750	1.717447	0.056937	0.008545
2.889000	-0.863911	0.191541	0.467715	1.691742	0.055780	0.008235
2.890000	-0.868416	0.192543	0.460274	1.724848	0.056545	0.008620
2.891000	-0.862623	0.190827	0.461415	1.723774	0.055881	0.008559
2.892000	-0.866558	0.194353	0.458323	1.690642	0.056872	0.008280
2.893000	-0.864528	0.194391	0.472431	1.718329	0.057206	0.008596
2.894000	-0.865055	0.190198	0.454666	1.683609	0.055208	0.008079
2.895000	-0.864567	0.191866	0.466235	1.682495	0.055839	0.008327
2.896000	-0.863062	0.193418	0.457266	1.660001	0.056189	0.008206
2.897000	-0.864236	0.189025	0.463584	1.669851	0.054627	0.008040
2.898000	-0.866059	0.192030	0.454187	1.708083	0.056212	0.008426
2.899000	-0.859556	0.184608	0.455389	1.599652	0.052195	0.007408
2.900000	-0.858792	0.180798	0.444669	1.551573	0.050264	0.006888
2.901000	-0.857677	0.192484	0.468004	1.646135	0.055704	0.008024
2.902000	-0.859112	0.187425	0.454748	1.604050	0.053312	0.007517
2.903000	-0.857719	0.189087	0.461940	1.652925	0.054498	0.007898
2.904000	-0.858717	0.189076	0.442180	1.624107	0.054173	0.007743
2.905000	-0.858545	0.184414	0.447143	1.593970	0.052096	0.007282
2.906000	-0.854313	0.185216	0.446446	1.587811	0.052329	0.007264
2.907000	-0.854405	0.184709	0.435334	1.583814	0.052103	0.007246
2.908000	-0.860616	0.190105	0.462304	1.668247	0.055090	0.008104
2.909000	-0.856236	0.187434	0.468885	1.641960	0.053790	0.007776
2.910000	-0.857111	0.186303	0.452360	1.611427	0.053026	0.007529
2.911000	-0.856552	0.185761	0.445125	1.595669	0.052652	0.007376
2.912000	-0.855966	0.188686	0.443463	1.633463	0.054183	0.007783
2.913000	-0.855194	0.187001	0.453959	1.673127	0.054008	0.008066
2.914000	-0.851555	0.186756	0.441398	1.580068	0.052864	0.007242
2.915000	-0.853445	0.183885	0.447766	1.564005	0.051623	0.007321
2.916000	-0.854891	0.190684	0.452880	1.661036	0.055280	0.008103
2.917000	-0.853531	0.186388	0.461767	1.633265	0.053351	0.007797
2.918000	-0.850948	0.186540	0.428593	1.569774	0.052690	0.007184
2.919000	-0.853003	0.184298	0.453932	1.598413	0.052191	0.007505
2.920000	-0.853973	0.188618	0.440851	1.598094	0.053805	0.007632
2.921000	-0.853255	0.186020	0.450358	1.614722	0.053027	0.007620
2.922000	-0.848666	0.186394	0.446492	1.601153	0.053018	0.007514
2.923000	-0.846823	0.185613	0.433069	1.608416	0.052817	0.007538
2.924000	-0.847842	0.184699	0.443071	1.586377	0.052233	0.007231
2.925000	-0.851723	0.182348	0.460402	1.596606	0.051493	0.007295
2.926000	-0.847437	0.185484	0.438522	1.542567	0.052036	0.007157
2.927000	-0.849647	0.185363	0.431918	1.563310	0.052234	0.007153
2.928000	-0.848347	0.185848	0.439210	1.551588	0.052286	0.007034
2.929000	-0.845825	0.182033	0.443563	1.507159	0.050380	0.006798
2.930000	-0.846205	0.184318	0.438961	1.566855	0.051906	0.007221
2.931000	-0.844991	0.179908	0.421130	1.470639	0.049204	0.006422
2.932000	-0.848941	0.186733	0.454815	1.574831	0.052906	0.007407
2.933000	-0.844077	0.175378	0.435048	1.471681	0.047619	0.006330
2.934000	-0.847363	0.186408	0.446635	1.622431	0.053342	0.007857
2.935000	-0.845906	0.183483	0.442590	1.538513	0.051305	0.007061
2.936000	-0.844281	0.179020	0.434816	1.522886	0.049514	0.006758
2.937000	-0.845541	0.180338	0.448386	1.556232	0.050376	0.006984
2.938000	-0.844166	0.183180	0.456986	1.555973	0.051412	0.007243
2.939000	-0.840939	0.183413	0.434346	1.470930	0.050527	0.006579
2.940000	-0.840553	0.180340	0.431346	1.525931	0.050047	0.006855
2.941000	-0.844398	0.181677	0.433068	1.547591	0.050786	0.007056
2.942000	-0.839478	0.183463	0.435821	1.561506	0.051604	0.007109
2.943000	-0.840356	0.179237	0.437602	1.496249	0.049327	0.006646
2.944000	-0.836505	0.181383	0.427345	1.498633	0.050134	0.006761
2.945000	-0.840745	0.182964	0.446371	1.543942	0.051237	0.007145
2.946000	-0.840541	0.177108	0.427843	1.467548	0.048255	0.006380
2.947000	-0.841886	0.180414	0.432536	1.481862	0.049608	0.006557
2.948000	-0.838777	0.176456	0.424807	1.472050	0.048088	0.006280
2.949000	-0.841056	0.181570	0.427724	1.528416	0.050574	0.006967
2.950000	-0.839784	0.181022	0.440237	1.465998	0.049662	0.006508
2.951000	-0.836366	0.179675	0.428228	1.479554	0.049338	0.006629
2.952000	-0.837798	0.183394	0.437724	1.522167	0.051186	0.007133
2.953000	-0.836348	0.181158	0.441861	1.497451	0.050091	0.006909
2.954000	-0.837427	0.185696	0.430652	1.551410	0.052385	0.007305
2.955000	-0.836662	0.177671	0.418885	1.476543	0.048611	0.006456
2.956000	-0.836908	0.180012	0.427289	1.499021	0.049714	0.006652
2.957000	-0.833889	0.175665	0.415811	1.432059	0.047400	0.006103
2.958000	-0.836612	0.179037	0.428048	1.503256	0.049424	0.006655
2.959000	-0.835441	0.176218	0.419647	1.458354	0.047909	0.006389
2.960000	-0.832083	0.176736	0.417296	1.395027	0.047366	0.005913
2.961000	-0.832030	0.177680	0.415364	1.426980	0.048075	0.006131
2.962000	-0.831483	0.178691	0.439037	1.512568	0.049432	0.006717
2.963000	-0.833083	0.178976	0.420119	1.450598	0.048822	0.006436
2.964000	-0.832603	0.178641	0.431173	1.473516	0.048973	0.006634
2.965000	-0.834514	0.184126	0.427492	1.508727	0.051376	0.007000
2.966000	-0.835073	0.175257	0.414580	1.422944	0.047201	0.006240
2.967000	-0.833595	0.178287	0.420485	1.460421	0.048712	0.006434
2.968000	-0.833488	0.177120	0.416210	1.395119	0.047546	0.005988
2.969000	-0.831952	0.178926	0.423756	1.440865	0.048725	0.006310
2.970000	-0.829192	0.179190	0.422807	1.439449	0.048809	0.006362
2.971000	-0.829581	0.177316	0.422464	1.451439	0.048285	0.006289
2.972000	-0.826191	0.171035	0.414734	1.388365	0.045371	0.005839
2.973000	-0.830666	0.177641	0.418500	1.426948	0.048128	0.006290
2.974000	-0.827097	0.176788	0.434581	1.440258	0.047986	0.006302
2.975000	-0.829772	0.176108	0.421238	1.433061	0.047668	0.006297
2.976000	-0.827328	0.176210	0.423663	1.436219	0.047746	0.006198
2.977000	-0.827398	0.171386	0.414990	1.347527	0.045043	0.005616
2.978000	-0.826233	0.176877	0.427503	1.439565	0.048032	0.006248
2.979000	-0.825063	0.179914	0.426963	1.483619	0.049634	0.006686
2.980000	-0.824522	0.173039	0.420477	1.395810	0.046191	0.006003
2.981000	-0.826216	0.176594	0.412088	1.416437	0.047679	0.006115
2.982000	-0.825919	0.171309	0.415353	1.403798	0.045699	0.005901
2.983000	-0.824994	0.171686	0.411037	1.376675	0.045518	0.005724
2.984000	-0.824477	0.176779	0.410532	1.395753	0.047520	0.005966
2.985000	-0.826655	0.174423	0.407327	1.363990	0.046328	0.005820
2.986000	-0.821478	0.173990	0.416117	1.397436	0.046572	0.005933
2.987000	-0.822327	0.171347	0.417614	1.360522	0.045234	0.005616
2.988000	-0.817664	0.167634	0.406331	1.332818	0.043658	0.005412
2.989000	-0.822820	0.172852	0.405934	1.354264	0.045690	0.005684
2.990000	-0.822378	0.175253	0.408692	1.384086	0.046879	0.005947
2.991000	-0.817438	0.172248	0.401284	1.349186	0.045433	0.005534
2.992000	-0.823783	0.174086	0.411528	1.381110	0.046448	0.005895
2.993000	-0.817195	0.168273	0.399381	1.304576	0.043568	0.005221
2.994000	-0.817681	0.175091	0.413192	1.370694	0.046687	0.005906
2.995000	-0.820061	0.173740	0.415111	1.377500	0.046301	0.005879
2.996000	-0.818856	0.170891	0.404401	1.334100	0.044817	0.005490
2.997000	-0.816983	0.170684	0.411709	1.337526	0.044792	0.005545
2.998000	-0.822217	0.174438	0.411812	1.384433	0.046642	0.006001
2.999000	-0.820209	0.174331	0.400278	1.346515	0.046166	0.005663
