1.909200	-1.804275	0.936201	0.576268	0.213351	0.878064	0.776105
1.914200	-1.801557	0.935173	0.581675	0.218356	0.876181	0.772919
1.919200	-1.798274	0.933868	0.590546	0.223176	0.873783	0.768858
1.924200	-1.795254	0.932644	0.599592	0.231986	0.871569	0.765184
1.929200	-1.792382	0.931405	0.605676	0.242199	0.869340	0.761487
1.934200	-1.789262	0.930147	0.612684	0.246742	0.867037	0.757637
1.939200	-1.786295	0.928958	0.619721	0.252009	0.864872	0.754029
1.944200	-1.783108	0.927679	0.628347	0.259864	0.862562	0.750199
1.949200	-1.779775	0.926285	0.638416	0.271763	0.860073	0.746145
1.954200	-1.776977	0.925054	0.644096	0.283404	0.857889	0.742588
1.959200	-1.773583	0.923653	0.651709	0.288455	0.855342	0.738398
1.964200	-1.770577	0.922370	0.660036	0.295625	0.853034	0.734615
1.969200	-1.766539	0.920577	0.670968	0.310823	0.849853	0.729507
1.974200	-1.763530	0.919227	0.677748	0.324936	0.847484	0.725718
1.979200	-1.760481	0.918033	0.685575	0.329507	0.845332	0.722189
1.984200	-1.756935	0.916394	0.695784	0.347472	0.842470	0.717684
1.989200	-1.753328	0.914828	0.703928	0.355847	0.839676	0.713177
1.994200	-1.749532	0.913144	0.713812	0.371599	0.836727	0.708543
1.999200	-1.746255	0.911589	0.726046	0.390635	0.834046	0.704394
2.004200	-1.742398	0.909834	0.732894	0.404040	0.830962	0.699509
2.009200	-1.738780	0.908120	0.743841	0.421575	0.827990	0.694939
2.014200	-1.735081	0.906608	0.749991	0.421195	0.825251	0.690493
2.019200	-1.731250	0.904663	0.765280	0.454212	0.821998	0.685627
2.024200	-1.727261	0.902721	0.775722	0.472975	0.818645	0.680481
2.029200	-1.723730	0.901049	0.784129	0.494063	0.815805	0.676151
2.034200	-1.718899	0.898530	0.801989	0.520086	0.811489	0.669670
2.039200	-1.715587	0.897014	0.808253	0.538065	0.808920	0.665766
2.044200	-1.711402	0.894943	0.818659	0.556863	0.805370	0.660431
2.049200	-1.707537	0.893046	0.829403	0.574073	0.802127	0.655546
2.054200	-1.703049	0.890685	0.842984	0.609904	0.798214	0.649814
2.059200	-1.698982	0.888614	0.856697	0.642056	0.794799	0.644822
2.064200	-1.695047	0.886750	0.861894	0.658774	0.791637	0.640081
2.069200	-1.690404	0.884447	0.873269	0.672871	0.787685	0.634185
2.074200	-1.685840	0.881689	0.893425	0.741304	0.783383	0.628281
2.079200	-1.681493	0.879359	0.903462	0.772999	0.779551	0.622819
2.084200	-1.676584	0.876706	0.918107	0.810270	0.775210	0.616617
2.089200	-1.672288	0.874368	0.933042	0.836932	0.771349	0.611132
2.094200	-1.666939	0.871180	0.949426	0.901899	0.766333	0.604219
2.099200	-1.662733	0.868967	0.957557	0.919573	0.762645	0.598945
2.104200	-1.658087	0.866503	0.969406	0.951280	0.758646	0.593341
2.109200	-1.652681	0.863001	0.991475	1.035396	0.753302	0.586298
2.114200	-1.648470	0.860937	0.998757	1.039858	0.749801	0.581257
2.119200	-1.642994	0.857419	1.014574	1.104726	0.744313	0.573949
2.124200	-1.637956	0.854342	1.032662	1.167344	0.739586	0.567726
2.129200	-1.632497	0.850856	1.052760	1.256800	0.734409	0.561078
2.134200	-1.627773	0.848044	1.065405	1.294839	0.729974	0.555174
2.139200	-1.622052	0.844475	1.080301	1.354398	0.724455	0.547954
2.144200	-1.616477	0.840837	1.098883	1.434850	0.719025	0.541024
2.149200	-1.610855	0.837328	1.114132	1.496976	0.713686	0.534132
2.154200	-1.605896	0.833877	1.129950	1.568993	0.708554	0.527729
2.159200	-1.600237	0.830220	1.144534	1.630770	0.703020	0.520696
2.164200	-1.593950	0.826122	1.164427	1.712547	0.696956	0.513079
2.169200	-1.588248	0.822232	1.181325	1.786160	0.691200	0.506018
2.174200	-1.581856	0.817236	1.201875	1.910722	0.684103	0.497632
2.179200	-1.576383	0.813761	1.216906	1.974450	0.679015	0.491415
2.184200	-1.569947	0.809031	1.234445	2.081565	0.672291	0.483416
2.189200	-1.564470	0.805229	1.250366	2.155196	0.666825	0.476925
2.194200	-1.557791	0.800259	1.269844	2.262792	0.659810	0.468712
2.199200	-1.550254	0.793935	1.299305	2.440224	0.651296	0.459349
2.204200	-1.544158	0.789470	1.312126	2.538388	0.645119	0.452197
2.209200	-1.539442	0.786542	1.313799	2.553787	0.640687	0.446754
2.214200	-1.531237	0.779649	1.341474	2.721804	0.631394	0.436557
2.219200	-1.524681	0.774854	1.356387	2.821363	0.624856	0.429217
2.224200	-1.516581	0.767210	1.380247	3.038035	0.615007	0.418971
2.229200	-1.511159	0.763757	1.381409	3.063814	0.610004	0.413010
2.234200	-1.503651	0.757345	1.405117	3.208949	0.601577	0.404093
2.239200	-1.497543	0.752771	1.418392	3.298823	0.595519	0.397610
2.244200	-1.489022	0.744947	1.433665	3.485125	0.585499	0.387332
2.249200	-1.481819	0.738266	1.452652	3.635784	0.576980	0.378675
2.254200	-1.475526	0.733239	1.464910	3.728432	0.570471	0.371951
2.259200	-1.467923	0.726285	1.479070	3.892145	0.561839	0.363396
2.264200	-1.460782	0.720404	1.482291	3.964805	0.554048	0.355220
2.269200	-1.453276	0.714362	1.497481	4.071009	0.546399	0.347481
2.274200	-1.444820	0.705032	1.513691	4.303506	0.535301	0.337229
2.279200	-1.438757	0.700812	1.514400	4.330966	0.529696	0.331290
2.284200	-1.430776	0.693403	1.525610	4.467319	0.520668	0.322697
2.289200	-1.421887	0.684636	1.535015	4.620759	0.510046	0.312691
2.294200	-1.415227	0.679050	1.535182	4.675872	0.503013	0.305860
2.299200	-1.406360	0.669298	1.547025	4.907896	0.492039	0.296221
2.304200	-1.399400	0.663589	1.543822	4.945877	0.484868	0.289232
2.309200	-1.392269	0.656967	1.548490	5.035207	0.477024	0.282148
2.314200	-1.384298	0.648899	1.549108	5.164910	0.467759	0.273953
2.319200	-1.376208	0.640743	1.552546	5.302404	0.458588	0.265982
2.324200	-1.369860	0.635173	1.541524	5.316355	0.451711	0.259477
2.329200	-1.360427	0.624773	1.553311	5.500434	0.440386	0.250260
2.334200	-1.352974	0.617711	1.548976	5.562852	0.432289	0.243237
2.339200	-1.345771	0.610620	1.543603	5.636981	0.424365	0.236466
2.344200	-1.337422	0.601784	1.535863	5.723971	0.414559	0.228207
2.349200	-1.329818	0.594572	1.519340	5.751004	0.406290	0.221088
2.354200	-1.322202	0.586003	1.520058	5.850928	0.397206	0.214042
2.359200	-1.315684	0.579681	1.514918	5.886789	0.390281	0.208327
2.364200	-1.306429	0.570117	1.503166	5.949030	0.379973	0.200109
2.369200	-1.299833	0.563581	1.492338	5.966203	0.372838	0.194299
2.374200	-1.293452	0.557385	1.475803	5.969876	0.366044	0.188813
2.379200	-1.285669	0.548445	1.469166	6.045338	0.356976	0.182036
2.384200	-1.277869	0.540670	1.454060	6.052175	0.348690	0.175551
2.389200	-1.270378	0.532404	1.442383	6.076217	0.340162	0.169266
2.394200	-1.262772	0.524183	1.423111	6.097288	0.331791	0.162999
2.399200	-1.257098	0.519187	1.407990	6.054838	0.326300	0.158605
2.404200	-1.249449	0.511084	1.396997	6.068055	0.318195	0.152801
2.409200	-1.241248	0.501241	1.377872	6.106300	0.308708	0.146230
2.414200	-1.235434	0.496525	1.358410	6.033548	0.303437	0.141977
2.419200	-1.228429	0.488077	1.348140	6.067781	0.295559	0.136809
2.424200	-1.220867	0.479497	1.326520	6.026426	0.286985	0.130827
2.429200	-1.215480	0.475536	1.307050	5.952270	0.282616	0.127361
2.434200	-1.208201	0.466120	1.297606	5.972051	0.274054	0.121997
2.439200	-1.202719	0.461723	1.277224	5.919049	0.269585	0.118687
2.444200	-1.196777	0.456300	1.259572	5.847793	0.264042	0.114749
2.449200	-1.191030	0.449942	1.243212	5.833078	0.258254	0.111000
2.454200	-1.183641	0.441720	1.220554	5.775348	0.250483	0.105965
2.459200	-1.177795	0.435828	1.201401	5.712831	0.244825	0.102130
2.464200	-1.173031	0.432208	1.196259	5.674541	0.241426	0.099970
2.469200	-1.165838	0.424057	1.174095	5.605415	0.233890	0.095178
2.474200	-1.160299	0.419053	1.155531	5.535755	0.229107	0.092001
2.479200	-1.154449	0.412648	1.135829	5.481531	0.223364	0.088497
2.484200	-1.148323	0.405662	1.114978	5.406973	0.217030	0.084618
2.489200	-1.143558	0.401788	1.101888	5.356800	0.213520	0.082473
2.494200	-1.138410	0.396964	1.082320	5.282583	0.209048	0.079595
2.499200	-1.132213	0.390388	1.068534	5.224903	0.203411	0.076386
2.504200	-1.127304	0.386326	1.053274	5.148652	0.199612	0.074005
2.509200	-1.121791	0.379939	1.033006	5.076549	0.194112	0.070843
2.514200	-1.116186	0.374434	1.016501	5.011059	0.189415	0.068154
2.519200	-1.111515	0.369851	1.010619	4.960657	0.185606	0.066226
2.524200	-1.107323	0.366811	0.993220	4.882520	0.182693	0.064335
2.529200	-1.101597	0.360103	0.973203	4.796083	0.177058	0.061255
2.534200	-1.096853	0.356349	0.960888	4.743649	0.173943	0.059508
2.539200	-1.092083	0.351707	0.947681	4.680109	0.170119	0.057411
2.544200	-1.088146	0.348376	0.937709	4.619604	0.167277	0.055870
2.549200	-1.082378	0.342267	0.922480	4.535284	0.162308	0.053332
2.554200	-1.077974	0.338474	0.904864	4.456642	0.159030	0.051407
2.559200	-1.073605	0.334609	0.894512	4.389256	0.155842	0.049769
2.564200	-1.068897	0.329585	0.881965	4.333474	0.152032	0.047937
2.569200	-1.065612	0.327633	0.870813	4.265006	0.150147	0.046801
2.574200	-1.060728	0.322421	0.854849	4.184047	0.146028	0.044709
2.579200	-1.056669	0.319581	0.845181	4.129393	0.143736	0.043579
2.584200	-1.052644	0.316510	0.837822	4.084575	0.141410	0.042452
2.589200	-1.047145	0.311233	0.818133	3.977194	0.137092	0.040238
2.594200	-1.044178	0.308402	0.813956	3.935609	0.134994	0.039346
2.599200	-1.038974	0.304142	0.797439	3.847708	0.131569	0.037589
2.604200	-1.036217	0.302140	0.794512	3.822873	0.130177	0.036974
2.609200	-1.031248	0.297571	0.777839	3.746806	0.126737	0.035391
2.614200	-1.027876	0.294801	0.770282	3.692233	0.124612	0.034376
2.619200	-1.023619	0.291616	0.757817	3.618398	0.122061	0.033130
2.624200	-1.020193	0.289281	0.751720	3.572999	0.120310	0.032356
2.629200	-1.016378	0.285650	0.740286	3.517324	0.117720	0.031205
2.634200	-1.013318	0.284336	0.737928	3.483875	0.116696	0.030721
2.639200	-1.009304	0.280415	0.726879	3.410666	0.113794	0.029473
2.644200	-1.005094	0.276989	0.715380	3.344240	0.111265	0.028353
2.649200	-1.002079	0.275217	0.711815	3.306438	0.109961	0.027774
2.654200	-0.998507	0.272697	0.699085	3.253568	0.108097	0.026932
2.659200	-0.994906	0.269613	0.693142	3.202575	0.105958	0.026061
2.664200	-0.991173	0.266823	0.683485	3.142080	0.103894	0.025157
2.669200	-0.988755	0.265233	0.678051	3.113391	0.102810	0.024750
2.674200	-0.984426	0.261467	0.670099	3.037245	0.100092	0.023608
2.679200	-0.982024	0.260287	0.666278	3.020725	0.099363	0.023324
2.684200	-0.978306	0.257578	0.658998	2.969979	0.097487	0.022621
2.689200	-0.975163	0.255260	0.648815	2.916285	0.095792	0.021853
2.694200	-0.971786	0.253343	0.643437	2.879877	0.094491	0.021365
2.699200	-0.968621	0.250426	0.633965	2.823095	0.092479	0.020580
2.704200	-0.965175	0.248472	0.630758	2.788869	0.091198	0.020125
2.709200	-0.962086	0.246379	0.623568	2.747955	0.089784	0.019543
2.714200	-0.959588	0.245573	0.620896	2.721415	0.089159	0.019249
2.719200	-0.956389	0.243477	0.613484	2.680866	0.087757	0.018753
2.724200	-0.953789	0.241318	0.608017	2.642192	0.086351	0.018256
2.729200	-0.949648	0.238012	0.599222	2.589524	0.084256	0.017497
2.734200	-0.946852	0.235887	0.593727	2.547968	0.082856	0.016975
2.739200	-0.944015	0.234620	0.588875	2.516107	0.081969	0.016644
2.744200	-0.941014	0.232640	0.583936	2.479702	0.080703	0.016198
2.749200	-0.938527	0.231620	0.580276	2.457179	0.080036	0.015951
2.754200	-0.934970	0.229064	0.573933	2.404614	0.078340	0.015353
2.759200	-0.932242	0.227911	0.568719	2.378830	0.077583	0.015066
2.764200	-0.929269	0.225368	0.564146	2.345537	0.076117	0.014630
2.769200	-0.926575	0.224570	0.557012	2.315734	0.075482	0.014357
2.774200	-0.923959	0.223053	0.553866	2.287565	0.074542	0.014037
2.779200	-0.921178	0.221237	0.548204	2.250130	0.073374	0.013645
2.784200	-0.918519	0.219288	0.543896	2.217146	0.072200	0.013250
2.789200	-0.915895	0.218068	0.538840	2.189641	0.071410	0.012981
2.794200	-0.913068	0.216642	0.536145	2.163651	0.070550	0.012701
2.799200	-0.910803	0.215056	0.531173	2.130978	0.069550	0.012394
2.804200	-0.907625	0.213262	0.528851	2.100420	0.068488	0.012061
2.809200	-0.904970	0.211819	0.522506	2.070356	0.067586	0.011750
