1.800000	-1.859381	0.956826	0.425799	0.109251	0.916284	-0.154628
1.810000	-1.855895	0.955734	0.448622	0.113850	0.914232	-0.156952
1.820000	-1.848539	0.952572	0.465526	0.137055	0.908368	-0.163422
1.830000	-1.846878	0.952520	0.478413	0.129314	0.908218	-0.165730
1.840000	-1.841155	0.950405	0.468756	0.134082	0.904234	-0.172444
1.850000	-1.837072	0.949222	0.483932	0.133610	0.901988	-0.176583
1.860000	-1.831567	0.946706	0.515269	0.161233	0.897424	-0.177985
1.870000	-1.825659	0.944839	0.509339	0.153609	0.893843	-0.185532
1.880000	-1.818284	0.941589	0.542110	0.187495	0.887967	-0.187971
1.890000	-1.811236	0.938834	0.546768	0.193310	0.882836	-0.197532
1.900000	-1.811017	0.938852	0.557422	0.193560	0.882879	-0.192694
1.910000	-1.801517	0.934425	0.607265	0.245200	0.874980	-0.198099
1.920000	-1.797911	0.933701	0.593314	0.218433	0.873435	-0.203573
1.930000	-1.791761	0.930666	0.623620	0.260769	0.868104	-0.203545
1.940000	-1.786820	0.930078	0.602993	0.218496	0.866701	-0.212241
1.950000	-1.781041	0.926169	0.659142	0.311075	0.860158	-0.205554
1.960000	-1.775614	0.925040	0.616817	0.249821	0.857611	-0.213821
1.970000	-1.768295	0.922084	0.653990	0.267543	0.852298	-0.209858
1.980000	-1.758598	0.916916	0.678146	0.328244	0.843273	-0.213077
1.990000	-1.753113	0.915073	0.710571	0.335819	0.839970	-0.210894
2.000000	-1.748394	0.913396	0.698004	0.328942	0.836862	-0.212598
2.010000	-1.738463	0.908761	0.720607	0.372282	0.828769	-0.209247
2.020000	-1.728370	0.903691	0.737217	0.429677	0.820047	-0.209364
2.030000	-1.722252	0.900112	0.794003	0.507934	0.814229	-0.201421
2.040000	-1.716650	0.898803	0.797802	0.448019	0.811417	-0.196860
2.050000	-1.706309	0.892846	0.836289	0.574293	0.801773	-0.191303
2.060000	-1.696086	0.886858	0.895987	0.737587	0.792452	-0.183979
2.070000	-1.690942	0.885226	0.874833	0.675162	0.789084	-0.179566
2.080000	-1.679716	0.878092	0.914996	0.781215	0.777393	-0.168139
2.090000	-1.669466	0.873424	0.905188	0.801196	0.769411	-0.157602
2.100000	-1.660386	0.868002	0.962997	0.887198	0.760705	-0.144817
2.110000	-1.656098	0.863650	0.980111	1.205828	0.755830	-0.149332
2.120000	-1.641128	0.856222	1.034743	1.112667	0.742330	-0.123291
2.130000	-1.631973	0.851124	1.042101	1.119656	0.733728	-0.111963
2.140000	-1.624522	0.847130	1.031240	1.296010	0.728464	-0.112296
2.150000	-1.614503	0.843724	1.043638	1.108988	0.721184	-0.091208
2.160000	-1.596222	0.827363	1.189823	1.731795	0.699141	-0.067962
2.170000	-1.585973	0.821401	1.181760	1.682047	0.688957	-0.053662
2.180000	-1.568991	0.803308	1.284909	2.522678	0.666786	-0.038393
2.190000	-1.565597	0.807404	1.226795	2.088398	0.669767	-0.028159
2.200000	-1.553056	0.799287	1.302716	2.161709	0.657436	-0.018203
2.210000	-1.531442	0.776525	1.387586	2.910632	0.628118	0.001806
2.220000	-1.516800	0.762614	1.347957	3.245806	0.609727	0.025058
2.230000	-1.510758	0.763804	1.446345	3.050870	0.609972	0.032921
2.240000	-1.496566	0.748232	1.417659	3.610497	0.591443	0.040703
2.250000	-1.472086	0.727831	1.500426	3.899048	0.564007	0.058104
2.260000	-1.461031	0.720527	1.469883	3.761537	0.552366	0.070564
2.270000	-1.445730	0.700549	1.537529	4.648444	0.531988	0.071119
2.280000	-1.419433	0.674700	1.613495	5.169996	0.501265	0.087272
2.290000	-1.417841	0.677350	1.533601	4.967037	0.503235	0.095557
2.300000	-1.411677	0.677109	1.560289	4.710123	0.500795	0.096409
2.310000	-1.392688	0.660727	1.523313	4.750555	0.479427	0.108481
2.320000	-1.377787	0.642091	1.578016	5.310364	0.460406	0.104350
2.330000	-1.355719	0.615013	1.604676	5.778065	0.430831	0.104333
2.340000	-1.348983	0.619673	1.517452	5.263627	0.432107	0.121658
2.350000	-1.335473	0.605415	1.498809	5.530756	0.417298	0.118756
2.360000	-1.318542	0.583723	1.505669	5.808229	0.394278	0.117158
2.370000	-1.306616	0.573773	1.487573	5.864549	0.383509	0.116709
2.380000	-1.285809	0.551809	1.441279	6.114418	0.361338	0.119350
2.390000	-1.266842	0.525019	1.424744	6.080557	0.332412	0.109058
2.400000	-1.253727	0.515138	1.428297	6.018363	0.321789	0.105455
2.410000	-1.245320	0.508496	1.357727	6.046673	0.315492	0.106921
2.420000	-1.224805	0.486277	1.311934	5.992149	0.293109	0.103055
2.430000	-1.207527	0.468300	1.261098	5.656393	0.272996	0.091731
2.440000	-1.201741	0.457706	1.264111	5.927679	0.265993	0.091781
2.450000	-1.185455	0.446985	1.264106	5.912842	0.256383	0.087960
2.460000	-1.176689	0.437973	1.216730	5.566038	0.245306	0.083973
2.470000	-1.163392	0.420968	1.142282	5.540347	0.230670	0.079363
2.480000	-1.144839	0.401538	1.105859	5.313458	0.212707	0.071622
2.490000	-1.151425	0.414901	1.142845	5.572007	0.226339	0.076265
2.500000	-1.130778	0.384626	1.024783	5.102314	0.197764	0.065028
2.510000	-1.122156	0.387234	1.006007	5.016374	0.199134	0.067550
2.520000	-1.105298	0.360521	0.988066	4.969297	0.178892	0.057656
2.530000	-1.095384	0.350662	0.991898	4.818401	0.170584	0.053988
2.540000	-1.084763	0.340110	0.965212	4.659332	0.161904	0.050191
2.550000	-1.084108	0.344642	0.896706	4.503310	0.163635	0.051017
2.560000	-1.075644	0.339072	0.900371	4.377974	0.158749	0.048667
2.570000	-1.058353	0.323924	0.879871	4.178328	0.146873	0.042537
2.580000	-1.055972	0.317209	0.862420	4.137978	0.142325	0.040111
2.590000	-1.049898	0.312626	0.818479	3.942055	0.137617	0.038926
2.600000	-1.034983	0.292824	0.772853	3.773228	0.124068	0.033672
2.610000	-1.029833	0.300438	0.778837	3.807435	0.129081	0.035314
2.620000	-1.026309	0.291710	0.758965	3.650264	0.122453	0.031972
2.630000	-1.015473	0.287226	0.766140	3.573810	0.119214	0.031459
2.640000	-1.003966	0.275256	0.717715	3.366892	0.110487	0.027572
2.650000	-0.997986	0.270342	0.710691	3.218853	0.106405	0.025931
2.660000	-0.995189	0.265748	0.707750	3.247995	0.104371	0.025586
2.670000	-0.989402	0.266840	0.702568	3.110371	0.103644	0.025041
2.680000	-0.981244	0.260987	0.666050	3.089357	0.100456	0.023560
2.690000	-0.970841	0.253352	0.661980	2.867250	0.094316	0.021089
2.700000	-0.964864	0.245160	0.637056	2.755790	0.089168	0.019330
2.710000	-0.955419	0.243302	0.615363	2.759347	0.088406	0.019147
2.720000	-0.958367	0.246974	0.646891	2.770631	0.090434	0.020010
2.730000	-0.945197	0.232964	0.583278	2.500575	0.080939	0.016316
2.740000	-0.940875	0.236301	0.592557	2.517007	0.082778	0.016720
2.750000	-0.938572	0.231180	0.604343	2.512027	0.080429	0.016297
2.760000	-0.930575	0.230734	0.566491	2.435226	0.079493	0.015648
2.770000	-0.927056	0.224405	0.573848	2.418201	0.076523	0.015162
2.780000	-0.923255	0.222374	0.556549	2.237940	0.073753	0.013645
2.790000	-0.914395	0.215430	0.546906	2.125767	0.069577	0.012377
2.800000	-0.910639	0.213891	0.529656	2.074741	0.068442	0.011793
2.810000	-0.902303	0.211061	0.539496	2.089683	0.067484	0.011869
2.820000	-0.898186	0.210991	0.519292	2.031332	0.066894	0.011366
2.830000	-0.892011	0.198986	0.485111	1.877068	0.060346	0.009616
2.840000	-0.886030	0.202427	0.498814	1.918470	0.062260	0.010120
2.850000	-0.883855	0.202710	0.497420	1.886695	0.062096	0.009998
2.860000	-0.879361	0.203384	0.496141	1.909861	0.062702	0.010175
2.870000	-0.871539	0.199552	0.481507	1.823731	0.060267	0.009518
2.880000	-0.869734	0.191877	0.469578	1.747592	0.056477	0.008577
2.890000	-0.866659	0.192992	0.469035	1.665942	0.056053	0.008299
2.900000	-0.862061	0.194790	0.462330	1.724577	0.057479	0.008699
2.910000	-0.857789	0.183625	0.460143	1.587913	0.051768	0.007295
2.920000	-0.851697	0.186309	0.449594	1.580843	0.052742	0.007367
2.930000	-0.848812	0.184602	0.443964	1.557660	0.051906	0.007102
2.940000	-0.839938	0.181337	0.430864	1.481856	0.049901	0.006635
2.950000	-0.837659	0.180488	0.433728	1.505391	0.049923	0.006804
2.960000	-0.835834	0.182295	0.424301	1.510403	0.050695	0.006969
2.970000	-0.830545	0.176491	0.417618	1.447699	0.047945	0.006282
2.980000	-0.828195	0.172315	0.420179	1.402034	0.046013	0.005892
2.990000	-0.821492	0.174438	0.406227	1.396937	0.046745	0.006000
3.000000	-0.819553	0.173795	0.404511	1.358322	0.046122	0.005777
