1.000000	-2.852480	0.968400	0.317185	0.036861	0.937880	0.879924
0.990000	-0.003721	0.967657	0.228175	0.037565	0.936443	0.877236
0.980000	-0.004029	0.967380	0.227952	0.037511	0.935907	0.876231
0.970000	-0.004123	0.967114	0.245604	0.039916	0.935398	0.875300
0.960000	-0.003695	0.966596	0.237408	0.038863	0.934395	0.873414
0.950000	-0.003978	0.966314	0.243890	0.040081	0.933852	0.872411
0.940000	-0.003895	0.965833	0.245448	0.040596	0.932924	0.870682
0.930000	-0.003727	0.965394	0.245419	0.040989	0.932077	0.869104
0.920000	-0.003809	0.965102	0.250042	0.042171	0.931516	0.868069
0.910000	-0.004143	0.964517	0.255183	0.043688	0.930389	0.865984
0.900000	-0.003999	0.964226	0.250554	0.043014	0.929827	0.864932
0.890000	-0.003741	0.963940	0.257354	0.043747	0.929277	0.863915
0.880000	-0.004144	0.963412	0.258374	0.044343	0.928260	0.862030
0.870000	-0.004248	0.962946	0.260468	0.044885	0.927364	0.860372
0.860000	-0.004081	0.962575	0.271532	0.047434	0.926656	0.859079
0.850000	-0.003979	0.961619	0.267171	0.047495	0.924816	0.855673
0.840000	-0.004257	0.961370	0.275800	0.048768	0.924339	0.854801
0.830000	-0.003739	0.961068	0.279101	0.049635	0.923761	0.853739
0.820000	-0.004102	0.960481	0.278205	0.049911	0.922634	0.851659
0.810000	-0.004353	0.959971	0.276541	0.049716	0.921654	0.849851
0.800000	-0.003838	0.959623	0.269145	0.048273	0.920983	0.848602
0.790000	-0.004220	0.958762	0.285947	0.052396	0.919340	0.845611
0.780000	-0.004016	0.958191	0.295245	0.054254	0.918251	0.843624
0.770000	-0.003978	0.957970	0.287676	0.052726	0.917822	0.842825
0.760000	-0.004235	0.957404	0.294853	0.054901	0.916744	0.840863
0.750000	-0.004302	0.956485	0.303761	0.057168	0.914989	0.837667
0.740000	-0.004359	0.956309	0.304261	0.057985	0.914656	0.837064
0.730000	-0.004429	0.955622	0.308139	0.058115	0.913342	0.834663
0.720000	-0.004094	0.955397	0.303344	0.058045	0.912911	0.833875
0.710000	-0.004577	0.954316	0.312463	0.060807	0.910853	0.830142
0.700000	-0.004384	0.953927	0.309891	0.060269	0.910111	0.828786
0.690000	-0.004386	0.953301	0.318617	0.061945	0.908920	0.826633
0.680000	-0.004196	0.952442	0.318914	0.064550	0.907288	0.823689
0.670000	-0.004490	0.951730	0.320128	0.064874	0.905934	0.821234
0.660000	-0.004405	0.951359	0.330378	0.067082	0.905233	0.819982
0.650000	-0.004525	0.950580	0.345007	0.068834	0.903755	0.817323
0.640000	-0.004260	0.950000	0.331348	0.067767	0.902651	0.815319
0.630000	-0.004406	0.949218	0.332783	0.069527	0.901170	0.812659
0.620000	-0.004637	0.948627	0.339837	0.072391	0.900053	0.810670
0.610000	-0.003926	0.947863	0.338234	0.072792	0.898605	0.808067
0.600000	-0.004372	0.947091	0.358437	0.074766	0.897148	0.805466
0.590000	-0.004456	0.946065	0.357188	0.078148	0.895211	0.802020
0.580000	-0.004806	0.945783	0.355998	0.077067	0.894676	0.801052
0.570000	-0.004290	0.945037	0.356598	0.078340	0.893269	0.798548
0.560000	-0.004816	0.943982	0.357131	0.079304	0.891277	0.794998
0.550000	-0.004760	0.943251	0.365741	0.080892	0.889902	0.792561
0.540000	-0.004248	0.942566	0.376858	0.086571	0.888623	0.790329
0.530000	-0.004773	0.941678	0.379746	0.085904	0.886947	0.787348
0.520000	-0.004253	0.940563	0.379283	0.088518	0.884855	0.783660
0.510000	-0.004364	0.939912	0.381773	0.087796	0.883630	0.781486
0.500000	0.012302	0.938444	0.570955	0.095443	0.880888	0.776705
0.490000	-0.003524	0.937734	0.278535	0.097127	0.879560	0.774379
0.480000	-0.003522	0.936705	0.277013	0.097604	0.877632	0.770993
0.470000	-0.004034	0.935831	0.288982	0.102162	0.876005	0.768174
0.460000	-0.003594	0.934642	0.292371	0.105831	0.873791	0.764324
0.450000	-0.004068	0.933794	0.299983	0.107688	0.872209	0.761576
0.440000	-0.003954	0.932654	0.301440	0.110789	0.870088	0.757902
0.430000	-0.003787	0.932086	0.305421	0.111345	0.869030	0.756066
0.420000	-0.004024	0.930605	0.307711	0.116574	0.866283	0.751336
0.410000	-0.004247	0.929014	0.307290	0.120393	0.863333	0.746260
0.400000	-0.004047	0.927865	0.306557	0.121622	0.861203	0.742592
0.390000	-0.003621	0.926564	0.308177	0.126334	0.858802	0.738495
0.380000	-0.003796	0.925475	0.311196	0.131209	0.856795	0.735087
0.370000	-0.003338	0.924027	0.306666	0.134126	0.854123	0.730534
0.360000	-0.004121	0.922393	0.325818	0.140189	0.851119	0.725453
0.350000	-0.003946	0.921553	0.320176	0.141297	0.849574	0.722831
0.340000	-0.003696	0.920145	0.316127	0.145166	0.846989	0.718472
0.330000	-0.003742	0.918216	0.332082	0.156375	0.843467	0.712595
0.320000	-0.003972	0.917171	0.323610	0.155297	0.841546	0.709349
0.310000	-0.003663	0.915755	0.344685	0.162477	0.838968	0.705066
0.300000	-0.003786	0.913629	0.331143	0.170785	0.835097	0.698637
0.290000	-0.003593	0.912032	0.338485	0.171961	0.832183	0.693787
0.280000	-0.003566	0.909966	0.344899	0.184447	0.828447	0.687665
0.270000	-0.004079	0.908157	0.354443	0.193499	0.825178	0.682321
0.260000	-0.003800	0.906440	0.350738	0.199307	0.822075	0.677244
0.250000	-0.003687	0.904596	0.340965	0.206901	0.818752	0.671839
0.240000	-0.004004	0.902606	0.351080	0.211822	0.815166	0.666011
0.230000	-0.003569	0.899399	0.361020	0.227865	0.809424	0.656782
0.220000	-0.003876	0.897058	0.358603	0.236147	0.805237	0.650072
0.210000	-0.004038	0.895182	0.355726	0.251838	0.801908	0.644825
0.200000	-0.003669	0.892846	0.355411	0.255587	0.797740	0.638174
0.190000	-0.003661	0.889727	0.361729	0.277915	0.792229	0.629550
0.180000	-0.003810	0.886122	0.364398	0.302906	0.785884	0.619692
0.170000	-0.003293	0.883155	0.348007	0.307663	0.780645	0.611502
0.160000	-0.003825	0.879247	0.369402	0.334390	0.773816	0.601045
0.150000	-0.003700	0.877227	0.368054	0.343823	0.770289	0.595655
0.140000	-0.003515	0.873487	0.374325	0.369561	0.763799	0.585848
0.130000	-0.004120	0.869656	0.380991	0.414032	0.757219	0.576103
0.120000	-0.003444	0.866262	0.363379	0.428591	0.751359	0.567342
0.110000	-0.003562	0.861279	0.372227	0.480278	0.742866	0.554939
0.100000	-0.003104	0.854909	0.355347	0.537673	0.732061	0.539306
0.090000	-0.003414	0.849475	0.378459	0.621689	0.722986	0.526569
0.080000	-0.003228	0.844782	0.372344	0.630023	0.715053	0.515180
0.070000	-0.003057	0.835497	0.370951	0.776255	0.699775	0.494321
0.060000	-0.002997	0.828393	0.362683	0.862487	0.688146	0.478612
0.050000	-0.002873	0.818672	0.357502	1.042653	0.672535	0.458194
0.040000	-0.002911	0.803806	0.353943	1.453573	0.649325	0.429374
0.030000	-0.003070	0.791264	0.340421	1.893053	0.630294	0.406656
0.020000	-0.002822	0.770166	0.335226	2.535826	0.598776	0.370315
0.010000	-0.002001	0.730750	0.293024	5.800453	0.546849	0.319746
