1.909200	-1.804252	0.936252	0.575516	0.209138	0.876958	0.770396
1.910200	-1.803813	0.936076	0.575336	0.209547	0.876630	0.769824
1.911200	-1.803210	0.935800	0.578025	0.212145	0.876117	0.768941
1.912200	-1.802635	0.935625	0.580485	0.211750	0.875790	0.768367
1.913200	-1.801845	0.935272	0.581276	0.214855	0.875136	0.767240
1.914200	-1.801422	0.935126	0.582596	0.215460	0.874864	0.766767
1.915200	-1.800799	0.934859	0.584454	0.216485	0.874367	0.765905
1.916200	-1.800291	0.934673	0.586907	0.218286	0.874023	0.765314
1.917200	-1.799622	0.934410	0.587558	0.219261	0.873532	0.764463
1.918200	-1.798891	0.934090	0.587833	0.221402	0.872938	0.763439
1.919200	-1.798402	0.933916	0.589132	0.221534	0.872614	0.762875
1.920200	-1.797805	0.933654	0.591344	0.224195	0.872129	0.762045
1.921200	-1.797278	0.933482	0.590958	0.223845	0.871808	0.761483
1.922200	-1.796751	0.933231	0.594458	0.226453	0.871345	0.760692
1.923200	-1.796180	0.933040	0.593673	0.226035	0.870989	0.760070
1.924200	-1.795509	0.932748	0.597060	0.227654	0.870446	0.759135
1.925200	-1.794940	0.932478	0.599059	0.233151	0.869953	0.758307
1.926200	-1.794314	0.932259	0.599899	0.232664	0.869545	0.757597
1.927200	-1.793659	0.931984	0.603904	0.234722	0.869036	0.756726
1.928200	-1.793107	0.931768	0.602271	0.235315	0.868635	0.756032
1.929200	-1.792437	0.931498	0.604148	0.236452	0.868133	0.755168
1.930200	-1.791868	0.931252	0.605782	0.238443	0.867680	0.754394
1.931200	-1.791308	0.931044	0.609376	0.239627	0.867295	0.753733
1.932200	-1.790629	0.930784	0.610895	0.240941	0.866814	0.752906
1.933200	-1.790104	0.930557	0.610185	0.240927	0.866392	0.752177
1.934200	-1.789338	0.930224	0.613572	0.245578	0.865781	0.751145
1.935200	-1.788713	0.929956	0.614546	0.245760	0.865282	0.750285
1.936200	-1.788245	0.929754	0.616347	0.248744	0.864913	0.749664
1.937200	-1.787592	0.929486	0.617872	0.250037	0.864418	0.748816
1.938200	-1.787069	0.929289	0.618564	0.251059	0.864052	0.748189
1.939200	-1.786303	0.928991	0.621175	0.252124	0.863502	0.747246
1.940200	-1.785750	0.928737	0.622196	0.255242	0.863037	0.746461
1.941200	-1.785072	0.928447	0.622258	0.254985	0.862497	0.745531
1.942200	-1.784438	0.928193	0.623850	0.256373	0.862029	0.744731
1.943200	-1.783878	0.927961	0.626069	0.258525	0.861602	0.744008
1.944200	-1.783252	0.927698	0.626522	0.260287	0.861117	0.743184
1.945200	-1.782482	0.927369	0.630580	0.264033	0.860514	0.742168
1.946200	-1.782029	0.927171	0.630336	0.265188	0.860151	0.741550
1.947200	-1.781251	0.926857	0.633158	0.266291	0.859570	0.740560
1.948200	-1.780582	0.926594	0.633498	0.267383	0.859085	0.739731
1.949200	-1.780125	0.926398	0.635042	0.270291	0.858727	0.739134
1.950200	-1.779410	0.926073	0.638095	0.273519	0.858132	0.738131
1.951200	-1.778843	0.925853	0.638324	0.273598	0.857724	0.737434
1.952200	-1.778121	0.925552	0.641153	0.274542	0.857169	0.736488
1.953200	-1.777392	0.925264	0.640508	0.275085	0.856638	0.735580
1.954200	-1.776913	0.925027	0.643480	0.278675	0.856207	0.734864
1.955200	-1.776453	0.924859	0.646256	0.279598	0.855899	0.734343
1.956200	-1.775605	0.924512	0.645473	0.282136	0.855262	0.733268
1.957200	-1.774893	0.924205	0.647834	0.283382	0.854696	0.732307
1.958200	-1.774232	0.923904	0.649402	0.285976	0.854145	0.731384
1.959200	-1.773647	0.923678	0.652129	0.287667	0.853732	0.730688
1.960200	-1.772848	0.923319	0.655465	0.291665	0.853077	0.729593
1.961200	-1.772255	0.923032	0.657045	0.295171	0.852553	0.728720
1.962200	-1.771730	0.922868	0.654737	0.292274	0.852245	0.728180
1.963200	-1.771109	0.922566	0.659623	0.296038	0.851696	0.727267
1.964200	-1.770261	0.922212	0.660244	0.298235	0.851046	0.726175
1.965200	-1.769631	0.921939	0.660536	0.299368	0.850546	0.725329
1.966200	-1.768903	0.921604	0.666252	0.306313	0.849943	0.724343
1.967200	-1.768376	0.921465	0.665063	0.299998	0.849675	0.723854
1.968200	-1.767678	0.921107	0.666158	0.307288	0.849029	0.722798
1.969200	-1.766968	0.920744	0.669638	0.312003	0.848369	0.721706
1.970200	-1.766315	0.920526	0.670929	0.310974	0.847967	0.721018
1.971200	-1.765760	0.920324	0.672265	0.310418	0.847593	0.720383
1.972200	-1.764975	0.919926	0.674480	0.316292	0.846872	0.719196
1.973200	-1.764362	0.919679	0.676463	0.318418	0.846422	0.718446
1.974200	-1.763708	0.919420	0.678283	0.318537	0.845947	0.717643
1.975200	-1.762973	0.919060	0.680281	0.320482	0.845290	0.716546
1.976200	-1.762330	0.918823	0.683363	0.322701	0.844858	0.715830
1.977200	-1.761589	0.918433	0.684572	0.326406	0.844149	0.714654
1.978200	-1.760990	0.918202	0.683852	0.328253	0.843729	0.713954
1.979200	-1.760334	0.917953	0.684510	0.328758	0.843273	0.713187
1.980200	-1.759627	0.917611	0.688365	0.332044	0.842653	0.712162
1.981200	-1.758792	0.917269	0.689620	0.332873	0.842027	0.711114
1.982200	-1.758096	0.916909	0.691648	0.339042	0.841379	0.710058
1.983200	-1.757296	0.916577	0.693129	0.338369	0.840769	0.709031
1.984200	-1.756748	0.916315	0.693457	0.342770	0.840298	0.708262
1.985200	-1.756105	0.916043	0.697478	0.346109	0.839806	0.707457
1.986200	-1.755495	0.915808	0.697627	0.344362	0.839372	0.706720
1.987200	-1.754633	0.915447	0.701021	0.346702	0.838717	0.705634
1.988200	-1.753865	0.915045	0.703390	0.354374	0.837995	0.704464
1.989200	-1.753189	0.914722	0.702549	0.355476	0.837407	0.703489
1.990200	-1.752616	0.914522	0.704838	0.354930	0.837040	0.702873
1.991200	-1.751874	0.914144	0.707232	0.362192	0.836364	0.701781
1.992200	-1.751270	0.913935	0.708378	0.358961	0.835976	0.701117
1.993200	-1.750498	0.913511	0.713658	0.370079	0.835223	0.699920
1.994200	-1.749698	0.913198	0.713592	0.368193	0.834647	0.698949
1.995200	-1.749016	0.912871	0.714378	0.369807	0.834054	0.697970
1.996200	-1.748168	0.912482	0.717605	0.374049	0.833352	0.696824
1.997200	-1.747518	0.912215	0.720275	0.378411	0.832874	0.696050
1.998200	-1.746844	0.911959	0.723856	0.377423	0.832405	0.695269
1.999200	-1.745981	0.911437	0.723658	0.391934	0.831483	0.693806
2.000200	-1.745345	0.911201	0.726061	0.387800	0.831044	0.693063
2.001200	-1.744689	0.910907	0.727250	0.389816	0.830513	0.692192
2.002200	-1.743897	0.910561	0.726890	0.389761	0.829883	0.691147
2.003200	-1.743240	0.910228	0.729541	0.397623	0.829293	0.690209
2.004200	-1.742518	0.909888	0.735187	0.403181	0.828685	0.689235
2.005200	-1.741717	0.909536	0.736991	0.404821	0.828049	0.688191
2.006200	-1.741198	0.909374	0.735378	0.400799	0.827747	0.687670
2.007200	-1.740406	0.908991	0.741669	0.406939	0.827062	0.686573
2.008200	-1.739580	0.908590	0.738719	0.408906	0.826337	0.685387
2.009200	-1.738846	0.908210	0.744608	0.415961	0.825662	0.684310
2.010200	-1.738160	0.907964	0.744201	0.411387	0.825206	0.683535
2.011200	-1.737332	0.907599	0.746547	0.416580	0.824553	0.682485
2.012200	-1.736423	0.907054	0.748003	0.425044	0.823582	0.680934
2.013200	-1.735758	0.906858	0.748832	0.422265	0.823221	0.680324
2.014200	-1.735129	0.906538	0.752986	0.428512	0.822654	0.679425
2.015200	-1.734448	0.906183	0.755511	0.429751	0.822013	0.678382
2.016200	-1.733572	0.905781	0.757689	0.436838	0.821299	0.677246
2.017200	-1.733022	0.905549	0.756895	0.434783	0.820876	0.676545
2.018200	-1.732039	0.905117	0.759833	0.439031	0.820103	0.675297
2.019200	-1.731454	0.904819	0.761972	0.444387	0.819573	0.674456
2.020200	-1.730521	0.904349	0.763138	0.448161	0.818732	0.673101
2.021200	-1.729715	0.903986	0.768159	0.452543	0.818084	0.672067
2.022200	-1.728909	0.903569	0.769743	0.460362	0.817346	0.670902
2.023200	-1.728156	0.903245	0.770679	0.460609	0.816762	0.669947
2.024200	-1.727387	0.902880	0.774686	0.464397	0.816110	0.668908
2.025200	-1.726525	0.902424	0.776619	0.470280	0.815299	0.667616
2.026200	-1.725882	0.902189	0.776847	0.472152	0.814879	0.666939
2.027200	-1.725060	0.901788	0.779633	0.471680	0.814155	0.665765
2.028200	-1.724350	0.901371	0.781860	0.479554	0.813420	0.664610
2.029200	-1.723613	0.901114	0.781982	0.480599	0.812959	0.663865
2.030200	-1.722525	0.900437	0.787175	0.495711	0.811770	0.662016
2.031200	-1.721975	0.900264	0.789961	0.494168	0.811456	0.661500
2.032200	-1.721167	0.899878	0.791124	0.497444	0.810768	0.660398
2.033200	-1.720546	0.899545	0.791654	0.499949	0.810174	0.659456
2.034200	-1.719453	0.899042	0.791538	0.501035	0.809273	0.658002
2.035200	-1.718924	0.898776	0.799280	0.509583	0.808811	0.657302
2.036200	-1.718099	0.898387	0.799258	0.510756	0.808114	0.656185
2.037200	-1.717337	0.898023	0.800742	0.523125	0.807486	0.655224
2.038200	-1.716257	0.897484	0.804300	0.524710	0.806521	0.653685
2.039200	-1.715587	0.897124	0.806691	0.528650	0.805884	0.652677
2.040200	-1.714608	0.896687	0.806425	0.529669	0.805103	0.651425
2.041200	-1.713895	0.896320	0.813698	0.540078	0.804467	0.650458
2.042200	-1.713083	0.895861	0.813427	0.546629	0.803657	0.649185
2.043200	-1.712128	0.895414	0.815491	0.547655	0.802859	0.647919
2.044200	-1.711644	0.895273	0.817439	0.548392	0.802609	0.647522
2.045200	-1.710533	0.894687	0.821279	0.549688	0.801563	0.645856
2.046200	-1.709847	0.894276	0.825380	0.569953	0.800869	0.644833
2.047200	-1.709090	0.893862	0.824265	0.571799	0.800133	0.643676
2.048200	-1.708155	0.893483	0.825831	0.566560	0.799446	0.642553
2.049200	-1.707689	0.893302	0.826782	0.566472	0.799121	0.642038
2.050200	-1.706530	0.892613	0.831318	0.583186	0.797925	0.640214
2.051200	-1.705664	0.892144	0.833228	0.588653	0.797100	0.638932
2.052200	-1.704873	0.891831	0.835051	0.590628	0.796546	0.638056
2.053200	-1.704125	0.891460	0.837504	0.594052	0.795892	0.637027
2.054200	-1.703283	0.890965	0.839054	0.602617	0.795028	0.635697
2.055200	-1.702503	0.890627	0.843933	0.604201	0.794429	0.634761
2.056200	-1.701395	0.890034	0.846355	0.617947	0.793401	0.633200
2.057200	-1.700784	0.889698	0.845913	0.627053	0.792823	0.632296
2.058200	-1.699789	0.889187	0.849298	0.631095	0.791922	0.630913
2.059200	-1.699014	0.888848	0.850695	0.633426	0.791324	0.629968
2.060200	-1.698098	0.888314	0.856590	0.638335	0.790386	0.628536
2.061200	-1.697370	0.888005	0.861317	0.638250	0.789837	0.627676
2.062200	-1.696549	0.887600	0.859322	0.645400	0.789134	0.626591
2.063200	-1.695462	0.886874	0.867190	0.662297	0.787880	0.624714
2.064200	-1.694730	0.886622	0.864155	0.655340	0.787419	0.623951
2.065200	-1.693827	0.886205	0.865509	0.659326	0.786688	0.622819
2.066200	-1.693149	0.885877	0.867439	0.658860	0.786108	0.621908
2.067200	-1.692160	0.885311	0.871336	0.679454	0.785146	0.620485
2.068200	-1.691013	0.884541	0.875639	0.704136	0.783836	0.618541
2.069200	-1.690084	0.884059	0.879735	0.705134	0.782986	0.617240
2.070200	-1.689407	0.883677	0.881466	0.729224	0.782359	0.616296
2.071200	-1.688576	0.883328	0.884215	0.725764	0.781736	0.615338
2.072200	-1.687691	0.882890	0.886522	0.715670	0.780944	0.614092
2.073200	-1.686707	0.882348	0.890935	0.722749	0.780002	0.612669
2.074200	-1.685880	0.881943	0.888657	0.725225	0.779293	0.611576
2.075200	-1.685218	0.881641	0.890063	0.735243	0.778781	0.610822
2.076200	-1.684180	0.881119	0.893166	0.731403	0.777854	0.609363
2.077200	-1.683441	0.880669	0.894644	0.734808	0.777069	0.608181
2.078200	-1.682693	0.880327	0.897871	0.741974	0.776481	0.607295
2.079200	-1.681455	0.879374	0.908075	0.811014	0.774946	0.605140
2.080200	-1.680254	0.878719	0.909151	0.789402	0.773751	0.603292
2.081200	-1.679643	0.878562	0.910317	0.784218	0.773465	0.602810
2.082200	-1.678784	0.878152	0.909022	0.768846	0.772715	0.601606
2.083200	-1.677661	0.877482	0.916406	0.797082	0.771596	0.600010
2.084200	-1.676819	0.876978	0.918970	0.818918	0.770757	0.598801
2.085200	-1.675781	0.876347	0.923734	0.829447	0.769673	0.597184
2.086200	-1.675027	0.875905	0.926392	0.838599	0.768918	0.596045
2.087200	-1.674037	0.875582	0.926508	0.822894	0.768321	0.595089
2.088200	-1.673367	0.875218	0.922124	0.819333	0.767677	0.594085
2.089200	-1.672551	0.874719	0.930730	0.837281	0.766842	0.592891
2.090200	-1.671253	0.873871	0.935340	0.869524	0.765425	0.590864
2.091200	-1.670654	0.873701	0.933779	0.854559	0.765098	0.590304
2.092200	-1.669576	0.872973	0.936660	0.869868	0.763859	0.588492
2.093200	-1.668588	0.872438	0.941789	0.878958	0.762944	0.587142
2.094200	-1.667709	0.872006	0.941292	0.878550	0.762192	0.585993
2.095200	-1.666497	0.871056	0.951692	0.936605	0.760656	0.583873
2.096200	-1.665426	0.870566	0.954763	0.932759	0.759795	0.582573
2.097200	-1.664636	0.870160	0.954596	0.924071	0.759071	0.581447
2.098200	-1.663766	0.869682	0.960126	0.952106	0.758298	0.580390
2.099200	-1.662596	0.868988	0.963616	0.965065	0.757119	0.578641
2.100200	-1.661824	0.868375	0.969265	1.027893	0.756184	0.577402
2.101200	-1.661211	0.868387	0.961122	0.947270	0.756040	0.576950
2.102200	-1.659972	0.867558	0.969315	0.973171	0.754654	0.574989
2.103200	-1.658676	0.866601	0.978130	1.040653	0.753134	0.572924
2.104200	-1.657913	0.866125	0.975616	1.039290	0.752309	0.571686
2.105200	-1.657136	0.865889	0.977342	1.009629	0.751839	0.570920
2.106200	-1.656307	0.865517	0.979289	0.997497	0.751171	0.569891
2.107200	-1.655279	0.864969	0.985812	1.043508	0.750319	0.568728
2.108200	-1.654262	0.864224	0.985426	1.037464	0.749019	0.566824
2.109200	-1.653070	0.863457	0.990496	1.073268	0.747768	0.565060
2.110200	-1.652169	0.862951	0.995991	1.060735	0.746870	0.563735
2.111200	-1.650931	0.862082	0.999222	1.099174	0.745452	0.561766
2.112200	-1.649930	0.861856	0.998310	1.041262	0.744944	0.560812
2.113200	-1.649418	0.861520	0.999751	1.082885	0.744452	0.560196
2.114200	-1.648204	0.860742	1.004789	1.089733	0.743127	0.558315
2.115200	-1.647138	0.859894	1.012405	1.145056	0.741783	0.556513
2.116200	-1.645839	0.859052	1.014033	1.145810	0.740339	0.554418
2.117200	-1.645164	0.858965	1.015092	1.127935	0.740154	0.554061
2.118200	-1.644044	0.858023	1.019118	1.173446	0.738630	0.551996
2.119200	-1.643072	0.857530	1.022930	1.208524	0.737858	0.550925
2.120200	-1.642269	0.857062	1.023474	1.219845	0.737082	0.549816
2.121200	-1.641069	0.856235	1.030337	1.230353	0.735686	0.547845
2.122200	-1.640025	0.855402	1.036191	1.292430	0.734391	0.546178
2.123200	-1.638679	0.854632	1.038088	1.270601	0.733031	0.544138
2.124200	-1.637813	0.854166	1.040453	1.269834	0.732233	0.543015
2.125200	-1.636854	0.853664	1.043087	1.280015	0.731398	0.541812
2.126200	-1.635892	0.852960	1.045142	1.295200	0.730231	0.540172
2.127200	-1.634913	0.852577	1.048704	1.281348	0.729549	0.539158
2.128200	-1.633606	0.851352	1.054704	1.391914	0.727693	0.536770
2.129200	-1.632552	0.851012	1.054206	1.316878	0.726960	0.535543
2.130200	-1.631743	0.850695	1.059094	1.307943	0.726403	0.534689
2.131200	-1.630197	0.849186	1.065775	1.425778	0.724084	0.531749
2.132200	-1.629173	0.848530	1.079299	1.478602	0.723083	0.530473
2.133200	-1.628594	0.848428	1.070809	1.450991	0.722852	0.530004
2.134200	-1.627181	0.847595	1.076586	1.427413	0.721392	0.527916
2.135200	-1.626200	0.847047	1.078286	1.409548	0.720428	0.526501
2.136200	-1.625053	0.845775	1.088573	1.564709	0.718599	0.524334
2.137200	-1.623971	0.845055	1.097452	1.610855	0.717479	0.522863
2.138200	-1.622968	0.844660	1.096618	1.556182	0.716699	0.521615
2.139200	-1.621829	0.843708	1.102718	1.654968	0.715300	0.519881
2.140200	-1.620726	0.843127	1.105352	1.586947	0.714179	0.518222
2.141200	-1.620032	0.842951	1.098071	1.543404	0.713794	0.517489
2.142200	-1.618217	0.841176	1.116065	1.736976	0.711211	0.514377
2.143200	-1.617675	0.841266	1.108497	1.644032	0.711170	0.514065
2.144200	-1.616074	0.839646	1.122739	1.845822	0.708870	0.511274
2.145200	-1.615214	0.839592	1.120733	1.641511	0.708354	0.510177
2.146200	-1.614045	0.839017	1.118086	1.633655	0.707374	0.508753
2.147200	-1.613055	0.837938	1.128774	1.753100	0.705816	0.506915
2.148200	-1.611897	0.836797	1.139103	1.934051	0.704286	0.505241
2.149200	-1.610889	0.836741	1.133061	1.795213	0.703903	0.504302
2.150200	-1.609404	0.835174	1.148385	1.909127	0.701525	0.501431
2.151200	-1.608477	0.834990	1.139414	1.764630	0.700915	0.500228
2.152200	-1.607227	0.833666	1.159391	1.927135	0.699049	0.498113
2.153200	-1.606023	0.832877	1.159634	1.990070	0.697869	0.496518
2.154200	-1.604728	0.832024	1.166241	2.005463	0.696482	0.494674
2.155200	-1.603532	0.831143	1.166369	2.003947	0.695017	0.492732
2.156200	-1.602634	0.831050	1.160082	1.900283	0.694646	0.491957
2.157200	-1.601804	0.830162	1.165197	2.002534	0.693388	0.490483
2.158200	-1.600243	0.828943	1.171718	2.078770	0.691528	0.488145
2.159200	-1.599117	0.828320	1.178937	2.029523	0.690393	0.486557
2.160200	-1.598010	0.827443	1.177640	2.107007	0.689106	0.484891
2.161200	-1.596480	0.825805	1.201725	2.327733	0.686866	0.482449
2.162200	-1.595613	0.825638	1.188935	2.171340	0.686264	0.481283
2.163200	-1.594226	0.824563	1.202564	2.203166	0.684559	0.479129
2.164200	-1.593390	0.824251	1.196618	2.178218	0.683993	0.478235
2.165200	-1.592100	0.823240	1.202839	2.228370	0.682437	0.476288
2.166200	-1.590195	0.821219	1.218948	2.481549	0.679650	0.473119
2.167200	-1.589512	0.820689	1.221664	2.512462	0.678848	0.472066
2.168200	-1.588333	0.819944	1.224331	2.513938	0.677631	0.470489
2.169200	-1.587268	0.819297	1.223873	2.491611	0.676526	0.468963
2.170200	-1.585853	0.818214	1.236251	2.522154	0.674820	0.466904
2.171200	-1.583949	0.815740	1.257498	2.885164	0.671550	0.463351
2.172200	-1.583384	0.816543	1.236989	2.538623	0.672128	0.463320
2.173200	-1.582253	0.815387	1.253851	2.702867	0.670592	0.461661
2.174200	-1.580282	0.813365	1.263407	2.851038	0.667616	0.458118
2.175200	-1.580001	0.814035	1.244647	2.701703	0.668391	0.458634
2.176200	-1.578479	0.812892	1.258481	2.672674	0.666473	0.456224
2.177200	-1.577181	0.811580	1.260950	2.855476	0.664733	0.454313
2.178200	-1.575721	0.810166	1.271616	2.896866	0.662532	0.451604
2.179200	-1.574636	0.809657	1.269783	2.852544	0.661616	0.450319
2.180200	-1.572654	0.807300	1.297228	3.165448	0.658474	0.446940
2.181200	-1.571866	0.807286	1.284723	3.053692	0.658215	0.446298
2.182200	-1.570578	0.805748	1.294580	3.173305	0.655992	0.443781
2.183200	-1.569287	0.804857	1.305217	3.203736	0.654625	0.442104
2.184200	-1.568044	0.804138	1.300211	3.136839	0.653329	0.440283
2.185200	-1.566745	0.802670	1.315455	3.338585	0.651404	0.438302
2.186200	-1.564730	0.800553	1.336789	3.515248	0.648390	0.434894
2.187200	-1.564308	0.800848	1.321120	3.420584	0.648664	0.434958
2.188200	-1.562459	0.798992	1.338195	3.575792	0.646030	0.431971
2.189200	-1.560992	0.797479	1.344945	3.683074	0.643847	0.429499
2.190200	-1.559417	0.795609	1.358268	3.982531	0.641511	0.427095
2.191200	-1.558219	0.795210	1.359668	3.816460	0.640525	0.425600
2.192200	-1.557733	0.795494	1.340610	3.639974	0.640603	0.425148
2.193200	-1.555518	0.792588	1.367691	3.966751	0.636692	0.421062
2.194200	-1.554528	0.792080	1.367582	3.974747	0.635907	0.420098
2.195200	-1.553536	0.791891	1.375846	3.838220	0.635320	0.419181
2.196200	-1.551971	0.790391	1.376789	3.961628	0.633215	0.416662
2.197200	-1.550250	0.787609	1.405574	4.462349	0.629903	0.413688
2.198200	-1.549143	0.787329	1.389213	4.210023	0.628924	0.411983
2.199200	-1.548030	0.786495	1.397338	4.266903	0.627739	0.410586
2.200200	-1.546706	0.786110	1.393607	4.147593	0.626881	0.409267
2.201200	-1.544445	0.782970	1.414798	4.536095	0.622793	0.405069
2.202200	-1.543851	0.782937	1.410102	4.411064	0.622477	0.404513
2.203200	-1.542084	0.781810	1.413241	4.314485	0.620509	0.401893
2.204200	-1.540804	0.780234	1.418396	4.550558	0.618560	0.399940
2.205200	-1.538167	0.776777	1.444690	4.941831	0.614025	0.395320
2.206200	-1.537964	0.777174	1.441597	4.781901	0.614302	0.395378
2.207200	-1.536498	0.776087	1.435427	4.764037	0.612580	0.393226
2.208200	-1.534478	0.773706	1.465193	5.026293	0.609460	0.390122
2.209200	-1.533258	0.772140	1.463807	5.399490	0.607849	0.388632
2.210200	-1.531609	0.771154	1.461293	5.121800	0.605733	0.385950
2.211200	-1.530493	0.770022	1.476370	5.240672	0.604251	0.384372
2.212200	-1.529316	0.768994	1.472457	5.353675	0.602917	0.382804
2.213200	-1.528025	0.768199	1.479392	5.346605	0.601685	0.381400
2.214200	-1.526462	0.766243	1.486282	5.508624	0.599040	0.378639
2.215200	-1.524507	0.763714	1.507120	5.828236	0.595868	0.375509
2.216200	-1.523052	0.762095	1.514686	6.037279	0.593855	0.373527
2.217200	-1.521396	0.760414	1.520536	6.066779	0.591366	0.370720
2.218200	-1.519847	0.759434	1.521401	5.978981	0.589692	0.368661
2.219200	-1.519023	0.759030	1.516876	5.982716	0.589093	0.367909
2.220200	-1.516873	0.756099	1.538598	6.268669	0.585277	0.364090
2.221200	-1.515089	0.753612	1.549517	6.603172	0.582254	0.361265
2.222200	-1.513288	0.751668	1.556545	6.730236	0.579610	0.358453
2.223200	-1.512613	0.752125	1.544828	6.392191	0.579570	0.357864
2.224200	-1.511012	0.749997	1.554278	6.705469	0.577060	0.355563
2.225200	-1.509531	0.748808	1.568865	6.900854	0.575710	0.354262
2.226200	-1.507640	0.746119	1.580307	7.049449	0.572020	0.350499
2.227200	-1.506434	0.745147	1.581929	7.048844	0.570575	0.348867
2.228200	-1.503761	0.742025	1.596194	7.299315	0.566484	0.344737
2.229200	-1.501833	0.739035	1.612773	7.680638	0.562893	0.341491
2.230200	-1.501386	0.739825	1.596668	7.340830	0.563328	0.341294
2.231200	-1.500385	0.739460	1.596212	7.286065	0.562676	0.340357
2.232200	-1.498300	0.735797	1.615943	7.874897	0.558563	0.336962
2.233200	-1.497452	0.736266	1.609424	7.596730	0.558655	0.336540
2.234200	-1.494951	0.732712	1.632500	7.904441	0.554113	0.332223
2.235200	-1.492816	0.729704	1.642165	8.126167	0.550206	0.328428
2.236200	-1.492102	0.729558	1.642818	8.170378	0.550098	0.328220
2.237200	-1.488703	0.723472	1.674664	9.058179	0.543201	0.322378
2.238200	-1.488290	0.723892	1.673894	8.887393	0.543445	0.322337
2.239200	-1.486266	0.721796	1.676307	8.936003	0.540530	0.319372
2.240200	-1.485270	0.721181	1.661593	8.855454	0.539474	0.317917
2.241200	-1.483484	0.719391	1.671250	8.888476	0.536977	0.315449
2.242200	-1.482174	0.718551	1.662866	8.781275	0.535543	0.313705
2.243200	-1.479733	0.713901	1.688810	9.536218	0.530544	0.309784
2.244200	-1.477726	0.711579	1.708348	9.734547	0.527679	0.307079
2.245200	-1.476045	0.709224	1.725643	9.985157	0.524892	0.304661
2.246200	-1.473760	0.705758	1.727073	10.291101	0.520669	0.300759
2.247200	-1.471944	0.703913	1.731051	10.337324	0.518178	0.298222
2.248200	-1.471947	0.706286	1.716856	9.784027	0.520321	0.299431
2.249200	-1.468982	0.699933	1.754139	10.704598	0.513419	0.294031
2.250200	-1.467766	0.699428	1.745771	10.665486	0.512637	0.293114
2.251200	-1.467142	0.699313	1.727988	10.558900	0.512252	0.292369
2.252200	-1.463464	0.693798	1.763843	11.026038	0.505606	0.286641
2.253200	-1.462530	0.693142	1.759899	11.023599	0.504702	0.285627
2.254200	-1.460987	0.690807	1.771898	11.348446	0.502197	0.283662
2.255200	-1.458687	0.687442	1.771910	11.563911	0.498044	0.279833
2.256200	-1.456638	0.684715	1.782832	11.681161	0.494572	0.276713
2.257200	-1.455654	0.684700	1.776918	11.528738	0.494226	0.275946
2.258200	-1.453865	0.681955	1.791184	11.799837	0.491084	0.273406
2.259200	-1.452462	0.680412	1.790788	12.054024	0.489555	0.272173
2.260200	-1.450723	0.679016	1.790016	11.841662	0.487200	0.269552
2.261200	-1.447004	0.670856	1.828957	13.048000	0.478860	0.263442
2.262200	-1.445924	0.669983	1.823619	13.014791	0.477630	0.262302
2.263200	-1.445591	0.672103	1.802560	12.430140	0.479195	0.262726
2.264200	-1.442882	0.668326	1.814903	12.623985	0.474573	0.258719
2.265200	-1.440267	0.662709	1.841710	13.327585	0.468665	0.254265
2.266200	-1.439296	0.662011	1.828539	13.343140	0.467788	0.253248
2.267200	-1.437600	0.660017	1.851986	13.601084	0.465736	0.251727
2.268200	-1.435447	0.657096	1.844168	13.757909	0.462249	0.248661
2.269200	-1.432937	0.652257	1.855616	14.160634	0.456820	0.244350
2.270200	-1.431413	0.650244	1.864842	14.395922	0.454733	0.242716
2.271200	-1.429799	0.648369	1.870261	14.539848	0.452631	0.241034
2.272200	-1.428450	0.647643	1.850822	14.247167	0.451055	0.238990
2.273200	-1.426659	0.645030	1.858037	14.458140	0.448159	0.236713
2.274200	-1.424005	0.640255	1.875208	15.017453	0.443279	0.233192
2.275200	-1.423483	0.641928	1.854691	14.468150	0.444218	0.233107
2.276200	-1.420807	0.635259	1.894273	15.564611	0.438151	0.229282
2.277200	-1.418608	0.633296	1.874651	15.200761	0.434867	0.225978
2.278200	-1.417349	0.632050	1.872435	15.285746	0.433495	0.224726
2.279200	-1.414122	0.625233	1.908587	16.038315	0.426613	0.219970
2.280200	-1.413074	0.624459	1.889948	15.958546	0.425485	0.218740
2.281200	-1.412248	0.625476	1.880443	15.574369	0.425915	0.218428
2.282200	-1.409601	0.620614	1.880385	15.939567	0.420686	0.214473
2.283200	-1.408274	0.619096	1.883540	16.073142	0.419117	0.213211
2.284200	-1.405274	0.612390	1.907997	16.775686	0.412443	0.208676
2.285200	-1.403248	0.610178	1.897102	16.620372	0.409407	0.205894
2.286200	-1.401475	0.607047	1.912174	16.963062	0.406378	0.203959
2.287200	-1.399328	0.603981	1.897244	17.060120	0.402898	0.200972
2.288200	-1.398233	0.602809	1.898481	17.021325	0.401415	0.199761
2.289200	-1.396376	0.600880	1.895550	17.021489	0.399109	0.197708
2.290200	-1.393577	0.594772	1.909314	17.600229	0.393117	0.193673
2.291200	-1.392239	0.593839	1.900466	17.440579	0.391668	0.192281
2.292200	-1.390350	0.591258	1.913056	17.731693	0.389278	0.190750
2.293200	-1.388553	0.588189	1.898074	17.749228	0.385714	0.187685
2.294200	-1.386552	0.584759	1.909189	18.033959	0.382347	0.185486
2.295200	-1.385278	0.584279	1.904868	17.925670	0.381561	0.184645
2.296200	-1.382616	0.578744	1.914768	18.406150	0.376218	0.181064
2.297200	-1.381365	0.577342	1.896808	18.324317	0.374432	0.179511
2.298200	-1.378484	0.572443	1.903367	18.554942	0.369335	0.175845
2.299200	-1.377424	0.572371	1.904691	18.361389	0.368835	0.175116
2.300200	-1.374947	0.567856	1.900327	18.755832	0.364592	0.172359
2.301200	-1.373003	0.563737	1.893412	18.857078	0.360176	0.169088
2.302200	-1.371454	0.562998	1.890060	18.725835	0.359067	0.168134
2.303200	-1.368679	0.556639	1.893207	19.162397	0.352948	0.164016
2.304200	-1.366990	0.554349	1.895915	19.392965	0.350941	0.162808
2.305200	-1.365370	0.552187	1.886175	19.177542	0.348082	0.160353
2.306200	-1.362374	0.545631	1.896919	19.634000	0.341932	0.156580
2.307200	-1.362228	0.549115	1.873848	19.182461	0.344748	0.157692
2.308200	-1.359861	0.543568	1.881417	19.555255	0.339546	0.154474
2.309200	-1.357379	0.539188	1.890894	19.856272	0.335502	0.152023
2.310200	-1.356908	0.540010	1.876614	19.594313	0.335817	0.151824
2.311200	-1.354271	0.534819	1.865464	19.791607	0.330701	0.148324
2.312200	-1.351881	0.530984	1.875269	19.966380	0.327028	0.146059
2.313200	-1.351451	0.531457	1.864969	19.771307	0.327110	0.145736
2.314200	-1.348408	0.525131	1.855546	20.008070	0.320980	0.141700
2.315200	-1.346775	0.523100	1.854556	20.065051	0.319000	0.140451
2.316200	-1.344969	0.520986	1.852237	20.006836	0.316680	0.138717
2.317200	-1.343114	0.517125	1.847919	20.153721	0.313024	0.136238
2.318200	-1.339614	0.510002	1.840914	20.399467	0.306284	0.132123
2.319200	-1.339396	0.510896	1.850657	20.509899	0.307467	0.133077
2.320200	-1.337753	0.507905	1.838279	20.477826	0.304366	0.130852
2.321200	-1.336151	0.506481	1.830507	20.363592	0.302684	0.129577
2.322200	-1.334763	0.504500	1.835686	20.505127	0.301021	0.128632
2.323200	-1.331729	0.497456	1.821826	20.722947	0.294478	0.124580
2.324200	-1.328961	0.492711	1.813210	20.730016	0.289815	0.121513
2.325200	-1.328633	0.494805	1.811052	20.423961	0.291209	0.122015
2.326200	-1.326929	0.490872	1.808413	20.699558	0.287978	0.120319
2.327200	-1.325247	0.487909	1.799767	20.709754	0.285122	0.118398
2.328200	-1.323893	0.485929	1.792174	20.632557	0.283038	0.116970
2.329200	-1.321635	0.484164	1.789274	20.518784	0.281087	0.115489
2.330200	-1.320161	0.480356	1.781794	20.647936	0.277728	0.113617
2.331200	-1.316911	0.474235	1.764702	20.569784	0.271727	0.109695
2.332200	-1.314987	0.470630	1.777247	20.915098	0.269127	0.108599
2.333200	-1.314313	0.469515	1.763373	20.979209	0.268245	0.108124
2.334200	-1.312036	0.467037	1.756538	20.712077	0.265337	0.105998
2.335200	-1.310399	0.463640	1.742858	20.770028	0.262328	0.104228
2.336200	-1.309569	0.464559	1.740032	20.519523	0.262629	0.103948
2.337200	-1.306392	0.456779	1.726271	20.617253	0.255704	0.100022
2.338200	-1.305057	0.454602	1.731420	20.826841	0.254219	0.099470
2.339200	-1.302933	0.452533	1.720693	20.538967	0.251705	0.097601
2.340200	-1.301578	0.448210	1.708080	20.791714	0.248409	0.095968
2.341200	-1.300142	0.448426	1.710383	20.491467	0.247936	0.095348
2.342200	-1.299116	0.446820	1.705193	20.566295	0.246690	0.094649
2.343200	-1.296983	0.443625	1.693196	20.345403	0.243359	0.092547
2.344200	-1.295420	0.440967	1.688558	20.504519	0.241392	0.091611
2.345200	-1.293301	0.437048	1.678922	20.413210	0.237762	0.089459
2.346200	-1.291885	0.434080	1.674353	20.476149	0.235341	0.088243
2.347200	-1.290191	0.431074	1.671963	20.555060	0.232941	0.086962
2.348200	-1.288482	0.429775	1.659667	20.387086	0.231458	0.085819
2.349200	-1.286000	0.423180	1.648635	20.413757	0.225913	0.082972
2.350200	-1.284837	0.423300	1.642768	20.186210	0.225512	0.082504
2.351200	-1.284237	0.423464	1.634411	20.190978	0.225682	0.082459
2.352200	-1.282400	0.419395	1.630587	20.277733	0.222472	0.080854
2.353200	-1.280458	0.416989	1.617857	20.033252	0.219917	0.079284
2.354200	-1.278830	0.413771	1.616025	20.037068	0.217272	0.077879
2.355200	-1.276895	0.409933	1.598651	19.981636	0.214003	0.076032
2.356200	-1.274759	0.406251	1.597033	19.865477	0.210750	0.074291
2.357200	-1.273906	0.406845	1.581955	19.748050	0.210982	0.074179
2.358200	-1.272857	0.404490	1.585802	19.866238	0.209362	0.073502
2.359200	-1.270651	0.399914	1.575861	19.750715	0.205435	0.071412
2.360200	-1.269271	0.398436	1.564935	19.637127	0.204013	0.070568
2.361200	-1.267050	0.394561	1.553830	19.531635	0.200715	0.068759
2.362200	-1.266529	0.394567	1.554384	19.469093	0.200595	0.068661
2.363200	-1.264528	0.391132	1.551313	19.537633	0.198073	0.067551
2.364200	-1.263406	0.390088	1.540009	19.532776	0.197266	0.067061
2.365200	-1.261328	0.385876	1.521995	19.316127	0.193516	0.064998
2.366200	-1.258865	0.381186	1.520685	19.215962	0.189706	0.063207
2.367200	-1.258641	0.381640	1.512825	19.201142	0.190037	0.063204
2.368200	-1.256606	0.379378	1.509602	18.951993	0.187758	0.061881
2.369200	-1.254419	0.374231	1.482564	18.835086	0.183627	0.059792
2.370200	-1.253964	0.375568	1.495112	18.872045	0.184733	0.060418
2.371200	-1.252436	0.373729	1.486916	18.766005	0.183129	0.059527
2.372200	-1.251245	0.370319	1.473553	18.773790	0.180627	0.058343
2.373200	-1.249198	0.367006	1.469790	18.682322	0.177991	0.057167
2.374200	-1.248313	0.366793	1.457610	18.450925	0.177317	0.056498
2.375200	-1.246727	0.363429	1.457329	18.537341	0.175078	0.055633
2.376200	-1.244771	0.360841	1.449229	18.447107	0.173013	0.054602
2.377200	-1.243912	0.360259	1.441576	18.226645	0.172099	0.053962
2.378200	-1.242681	0.357919	1.431565	18.144459	0.170246	0.053049
2.379200	-1.240814	0.355094	1.425988	18.058007	0.168049	0.052054
2.380200	-1.239151	0.352099	1.413424	17.943968	0.165683	0.050871
2.381200	-1.237706	0.349554	1.407662	17.747788	0.163458	0.049721
2.382200	-1.236513	0.349043	1.393359	17.610793	0.162800	0.049260
2.383200	-1.235816	0.348292	1.397676	17.735572	0.162584	0.049264
2.384200	-1.233502	0.343864	1.385099	17.498785	0.158985	0.047582
2.385200	-1.232604	0.342765	1.386088	17.558547	0.158387	0.047426
2.386200	-1.230682	0.339972	1.370989	17.377805	0.156076	0.046238
2.387200	-1.229715	0.339921	1.375091	17.349602	0.155993	0.046194
2.388200	-1.227841	0.336636	1.358979	17.176073	0.153382	0.044960
2.389200	-1.227397	0.336916	1.356445	17.054942	0.153305	0.044756
2.390200	-1.225605	0.332856	1.348697	17.052827	0.150598	0.043695
2.391200	-1.224717	0.334096	1.343501	16.823257	0.150905	0.043496
2.392200	-1.223257	0.330348	1.331384	16.736072	0.148227	0.042455
2.393200	-1.221543	0.327126	1.328446	16.683895	0.146003	0.041526
2.394200	-1.220749	0.328134	1.334043	16.654302	0.146611	0.041703
2.395200	-1.217974	0.320921	1.312520	16.397075	0.141344	0.039498
2.396200	-1.217548	0.321379	1.309539	16.450670	0.141780	0.039687
2.397200	-1.215946	0.319094	1.302627	16.269589	0.139908	0.038823
2.398200	-1.214643	0.317420	1.297894	16.221083	0.138745	0.038317
2.399200	-1.213487	0.315862	1.284368	16.027270	0.137320	0.037555
2.400200	-1.212649	0.315815	1.290763	16.043447	0.137344	0.037607
2.401200	-1.210709	0.311652	1.276806	15.921286	0.134461	0.036404
2.402200	-1.210451	0.313518	1.278203	15.942807	0.135694	0.036863
2.403200	-1.208293	0.307969	1.255433	15.574018	0.131395	0.035025
2.404200	-1.207486	0.308537	1.260395	15.574921	0.131763	0.035119
2.405200	-1.206270	0.306659	1.256031	15.522958	0.130501	0.034596
2.406200	-1.204418	0.303587	1.248479	15.416954	0.128392	0.033765
2.407200	-1.203778	0.303577	1.241280	15.256379	0.128023	0.033464
2.408200	-1.202253	0.300924	1.236204	15.167560	0.126226	0.032785
2.409200	-1.201323	0.299689	1.231437	15.185698	0.125541	0.032562
2.410200	-1.199210	0.296163	1.212590	14.787258	0.122517	0.031080
2.411200	-1.199055	0.298381	1.220311	14.945108	0.124222	0.031808
2.412200	-1.197310	0.294103	1.209392	14.730321	0.121196	0.030634
2.413200	-1.196230	0.293733	1.211335	14.734590	0.121003	0.030599
2.414200	-1.195158	0.291977	1.205358	14.588129	0.119644	0.029980
2.415200	-1.194146	0.289802	1.192740	14.478849	0.118135	0.029391
2.416200	-1.192329	0.288589	1.186155	14.299770	0.117025	0.028816
2.417200	-1.191217	0.286035	1.187536	14.275549	0.115514	0.028372
2.418200	-1.189657	0.284252	1.179867	14.092415	0.114079	0.027739
2.419200	-1.188971	0.283711	1.167743	14.057504	0.113703	0.027518
2.420200	-1.187586	0.281290	1.162590	13.881248	0.111932	0.026842
2.421200	-1.187371	0.282666	1.170740	13.999897	0.113002	0.027291
2.422200	-1.185604	0.280634	1.152254	13.765815	0.111318	0.026449
2.423200	-1.184426	0.279455	1.149706	13.717725	0.110557	0.026192
2.424200	-1.183451	0.278750	1.149619	13.620432	0.109946	0.025949
2.425200	-1.182508	0.276805	1.157849	13.684476	0.109031	0.025758
2.426200	-1.180996	0.275478	1.144350	13.528158	0.107941	0.025235
2.427200	-1.178646	0.269138	1.127471	13.161340	0.103631	0.023655
2.428200	-1.178745	0.271811	1.130711	13.313631	0.105452	0.024369
2.429200	-1.177193	0.269556	1.120167	13.072315	0.103671	0.023528
2.430200	-1.175824	0.267596	1.111381	12.961070	0.102367	0.023045
2.431200	-1.175591	0.268722	1.116839	13.015009	0.103112	0.023305
2.432200	-1.174084	0.266661	1.112242	12.865882	0.101667	0.022776
2.433200	-1.173434	0.266750	1.114051	12.919917	0.101856	0.022890
2.434200	-1.171925	0.264255	1.101788	12.648761	0.099899	0.022049
2.435200	-1.170812	0.261703	1.096859	12.604699	0.098464	0.021661
2.436200	-1.169749	0.260783	1.086893	12.455248	0.097640	0.021233
2.437200	-1.168738	0.260711	1.090558	12.441692	0.097583	0.021234
2.438200	-1.168108	0.261691	1.092866	12.537658	0.098335	0.021516
2.439200	-1.166309	0.256834	1.078229	12.194096	0.095010	0.020328
2.440200	-1.165134	0.256026	1.071072	12.142248	0.094484	0.020099
2.441200	-1.164262	0.255357	1.072863	12.130656	0.094126	0.020026
2.442200	-1.162895	0.252552	1.063493	11.961173	0.092310	0.019411
2.443200	-1.162232	0.252246	1.067994	11.973047	0.092195	0.019371
2.444200	-1.161142	0.251242	1.058440	11.855803	0.091421	0.019056
2.445200	-1.159802	0.250300	1.058288	11.770947	0.090758	0.018793
2.446200	-1.159108	0.248868	1.049845	11.715968	0.089923	0.018526
2.447200	-1.158162	0.249771	1.053087	11.699331	0.090345	0.018607
2.448200	-1.156927	0.247017	1.043142	11.521749	0.088564	0.018011
2.449200	-1.156025	0.247064	1.038647	11.496775	0.088539	0.017968
2.450200	-1.154749	0.244403	1.036209	11.347909	0.086886	0.017469
2.451200	-1.153626	0.244723	1.029636	11.317199	0.086980	0.017442
2.452200	-1.152612	0.242297	1.027971	11.253553	0.085657	0.017074
2.453200	-1.151560	0.241046	1.027599	11.160946	0.084841	0.016770
2.454200	-1.150252	0.239157	1.017920	11.039422	0.083654	0.016391
2.455200	-1.150233	0.241454	1.020821	11.083486	0.084875	0.016690
2.456200	-1.148984	0.239230	1.019163	10.999596	0.083615	0.016341
2.457200	-1.147944	0.238623	1.009882	10.829918	0.082928	0.015981
2.458200	-1.146742	0.237064	1.005730	10.751061	0.082008	0.015695
2.459200	-1.145936	0.235519	1.005214	10.703052	0.081173	0.015506
2.460200	-1.144294	0.233656	1.000773	10.610495	0.080087	0.015201
2.461200	-1.143677	0.233366	0.996230	10.632204	0.080014	0.015192
2.462200	-1.142800	0.233580	0.996072	10.526000	0.079869	0.015041
2.463200	-1.141826	0.232137	0.993381	10.457630	0.079043	0.014792
2.464200	-1.140377	0.230308	0.983044	10.301588	0.077832	0.014353
2.465200	-1.139613	0.228072	0.983849	10.299391	0.076812	0.014213
2.466200	-1.138110	0.226562	0.979097	10.164439	0.075810	0.013844
2.467200	-1.137408	0.227063	0.975026	10.082512	0.075850	0.013790
2.468200	-1.137019	0.227854	0.975672	10.146064	0.076373	0.013912
2.469200	-1.135504	0.225259	0.964492	9.946562	0.074726	0.013377
2.470200	-1.134979	0.224727	0.967871	9.990014	0.074601	0.013425
2.471200	-1.133973	0.224495	0.965392	9.879747	0.074241	0.013234
2.472200	-1.132658	0.223335	0.956483	9.798135	0.073534	0.013001
2.473200	-1.131895	0.222354	0.957147	9.715476	0.072906	0.012800
2.474200	-1.130699	0.220236	0.956593	9.629856	0.071772	0.012546
2.475200	-1.130242	0.221205	0.956170	9.713743	0.072412	0.012728
2.476200	-1.129420	0.220718	0.954675	9.636659	0.072019	0.012574
2.477200	-1.128210	0.219087	0.946354	9.543427	0.071086	0.012313
2.478200	-1.127517	0.219106	0.946738	9.541817	0.071100	0.012308
2.479200	-1.126035	0.216249	0.933423	9.304602	0.069291	0.011728
2.480200	-1.125542	0.217895	0.935857	9.367204	0.070166	0.011947
2.481200	-1.124444	0.216027	0.941209	9.370997	0.069374	0.011822
2.482200	-1.123327	0.214953	0.929732	9.162575	0.068415	0.011442
2.483200	-1.122685	0.215152	0.936518	9.212629	0.068631	0.011556
2.484200	-1.121503	0.212589	0.923908	9.033394	0.067109	0.011059
2.485200	-1.120712	0.212252	0.928484	9.060439	0.067040	0.011098
2.486200	-1.119900	0.211447	0.922836	8.997937	0.066556	0.010964
2.487200	-1.119178	0.212124	0.919780	9.043495	0.066962	0.011056
2.488200	-1.118248	0.210380	0.916957	8.884677	0.065848	0.010706
2.489200	-1.116673	0.207951	0.909018	8.739371	0.064488	0.010355
2.490200	-1.115824	0.207569	0.911607	8.699647	0.064241	0.010263
2.491200	-1.115148	0.207203	0.905908	8.685280	0.064063	0.010251
2.492200	-1.114028	0.206316	0.903850	8.609409	0.063520	0.010071
2.493200	-1.113451	0.206514	0.899415	8.604098	0.063597	0.010075
2.494200	-1.112318	0.204259	0.898415	8.495575	0.062415	0.009780
2.495200	-1.111336	0.204417	0.898909	8.488923	0.062472	0.009802
2.496200	-1.110859	0.204934	0.894165	8.503283	0.062726	0.009830
2.497200	-1.109786	0.204058	0.892449	8.353961	0.062012	0.009561
2.498200	-1.109144	0.203122	0.891876	8.357655	0.061648	0.009537
2.499200	-1.108015	0.201508	0.884683	8.247317	0.060734	0.009273
2.500200	-1.107215	0.201281	0.884508	8.251660	0.060661	0.009264
2.501200	-1.106199	0.199847	0.884381	8.154963	0.059858	0.009077
2.502200	-1.105525	0.201341	0.884701	8.172409	0.060508	0.009154
2.503200	-1.104526	0.198644	0.882355	8.091581	0.059239	0.008953
2.504200	-1.103696	0.197787	0.877821	8.038046	0.058777	0.008784
2.505200	-1.102674	0.196482	0.872540	7.930019	0.058006	0.008573
2.506200	-1.101747	0.196268	0.867577	7.873853	0.057792	0.008475
2.507200	-1.100518	0.194950	0.862774	7.776736	0.057046	0.008288
2.508200	-1.100153	0.195604	0.867722	7.872099	0.057543	0.008477
2.509200	-1.098968	0.194013	0.860169	7.731038	0.056585	0.008182
2.510200	-1.098354	0.194247	0.862499	7.733159	0.056689	0.008178
2.511200	-1.097378	0.193181	0.858523	7.634337	0.056041	0.008017
2.512200	-1.096772	0.193561	0.858089	7.674826	0.056295	0.008096
2.513200	-1.095982	0.192451	0.853261	7.588520	0.055662	0.007918
2.514200	-1.095146	0.192405	0.850993	7.542662	0.055539	0.007865
2.515200	-1.094318	0.191624	0.852273	7.525946	0.055205	0.007814
2.516200	-1.093231	0.190202	0.852003	7.461360	0.054511	0.007638
2.517200	-1.092398	0.190459	0.850607	7.480386	0.054663	0.007690
2.518200	-1.091915	0.191174	0.851598	7.486519	0.054958	0.007741
2.519200	-1.090847	0.188918	0.844248	7.330261	0.053724	0.007408
2.520200	-1.090012	0.188597	0.845371	7.375700	0.053721	0.007492
2.521200	-1.089295	0.188172	0.839589	7.329155	0.053454	0.007382
2.522200	-1.088197	0.186861	0.838998	7.210576	0.052677	0.007166
2.523200	-1.087786	0.186856	0.834697	7.202818	0.052663	0.007150
2.524200	-1.086242	0.184776	0.831073	7.080213	0.051595	0.006922
2.525200	-1.085573	0.184871	0.830406	7.038279	0.051534	0.006875
2.526200	-1.084822	0.183912	0.826347	6.987826	0.051062	0.006756
2.527200	-1.083614	0.182945	0.823499	6.937903	0.050591	0.006646
2.528200	-1.083340	0.183314	0.822237	6.962483	0.050794	0.006714
2.529200	-1.082559	0.182476	0.822994	6.946488	0.050455	0.006672
2.530200	-1.081505	0.182153	0.820656	6.880213	0.050180	0.006568
2.531200	-1.080757	0.182098	0.821089	6.875884	0.050156	0.006560
2.532200	-1.079960	0.181077	0.816676	6.802034	0.049609	0.006426
2.533200	-1.079189	0.180633	0.812855	6.767414	0.049370	0.006362
2.534200	-1.078327	0.180897	0.812959	6.819467	0.049600	0.006437
2.535200	-1.077436	0.178770	0.811000	6.650503	0.048424	0.006159
2.536200	-1.076654	0.179216	0.810308	6.692381	0.048694	0.006221
2.537200	-1.075971	0.178850	0.807119	6.613741	0.048374	0.006126
2.538200	-1.075197	0.178260	0.803800	6.559986	0.048037	0.006027
2.539200	-1.074194	0.177004	0.805602	6.538746	0.047545	0.005960
2.540200	-1.073405	0.176978	0.804122	6.532214	0.047526	0.005941
2.541200	-1.072617	0.175780	0.798262	6.458130	0.046925	0.005802
2.542200	-1.071660	0.176008	0.798650	6.453356	0.047000	0.005824
2.543200	-1.070995	0.175352	0.795431	6.383296	0.046602	0.005716
2.544200	-1.070001	0.174205	0.791027	6.334098	0.046085	0.005610
2.545200	-1.069843	0.174588	0.793017	6.317283	0.046183	0.005615
2.546200	-1.068574	0.173658	0.787551	6.297057	0.045815	0.005551
2.547200	-1.067579	0.172668	0.790718	6.236271	0.045327	0.005460
2.548200	-1.067342	0.173749	0.787788	6.254464	0.045753	0.005493
2.549200	-1.066240	0.171543	0.784343	6.161068	0.044765	0.005331
2.550200	-1.065245	0.171231	0.782528	6.136121	0.044601	0.005285
2.551200	-1.064479	0.170801	0.781794	6.103153	0.044378	0.005229
2.552200	-1.063856	0.169478	0.775855	6.028442	0.043748	0.005109
2.553200	-1.063110	0.170060	0.776547	6.033219	0.043963	0.005131
2.554200	-1.062323	0.169207	0.779184	5.982711	0.043554	0.005061
2.555200	-1.061479	0.169473	0.774084	5.986537	0.043659	0.005062
2.556200	-1.061014	0.168542	0.772715	5.935262	0.043223	0.004974
2.557200	-1.060009	0.167690	0.772975	5.912834	0.042886	0.004930
2.558200	-1.059400	0.168571	0.770213	5.933541	0.043240	0.004976
2.559200	-1.058416	0.166905	0.768505	5.868870	0.042525	0.004866
2.560200	-1.057938	0.167253	0.768902	5.858415	0.042621	0.004851
2.561200	-1.057129	0.166375	0.765579	5.781805	0.042142	0.004744
2.562200	-1.056090	0.166314	0.763117	5.783801	0.042132	0.004751
2.563200	-1.055741	0.165646	0.763042	5.742060	0.041812	0.004683
2.564200	-1.054618	0.165411	0.759825	5.704654	0.041646	0.004639
2.565200	-1.053927	0.164576	0.757690	5.675071	0.041302	0.004582
2.566200	-1.052958	0.163691	0.758954	5.617904	0.040874	0.004481
2.567200	-1.052439	0.163469	0.754234	5.612388	0.040793	0.004467
2.568200	-1.051618	0.163280	0.752891	5.572579	0.040636	0.004434
2.569200	-1.051098	0.163297	0.749917	5.586946	0.040683	0.004442
2.570200	-1.050170	0.163060	0.752407	5.551007	0.040521	0.004401
2.571200	-1.049386	0.162193	0.752223	5.557962	0.040262	0.004391
2.572200	-1.048789	0.161716	0.748708	5.490681	0.039944	0.004310
2.573200	-1.048328	0.161507	0.744803	5.448659	0.039777	0.004263
2.574200	-1.047270	0.161320	0.744023	5.455641	0.039739	0.004257
2.575200	-1.046337	0.160321	0.744745	5.430867	0.039361	0.004205
2.576200	-1.045664	0.160282	0.741231	5.346178	0.039140	0.004110
2.577200	-1.045083	0.159888	0.739758	5.365487	0.039068	0.004121
2.578200	-1.044261	0.159305	0.739376	5.318414	0.038769	0.004068
2.579200	-1.043253	0.158800	0.738668	5.296242	0.038557	0.004030
2.580200	-1.042657	0.158143	0.736779	5.241103	0.038215	0.003949
2.581200	-1.042329	0.158471	0.732639	5.247792	0.038341	0.003963
2.582200	-1.041349	0.157963	0.730694	5.207941	0.038085	0.003913
2.583200	-1.040909	0.157599	0.732348	5.213620	0.037990	0.003915
2.584200	-1.039735	0.156761	0.727672	5.142426	0.037552	0.003813
2.585200	-1.038918	0.156688	0.728981	5.145426	0.037541	0.003828
2.586200	-1.038307	0.156006	0.724683	5.104949	0.037231	0.003759
2.587200	-1.037547	0.155795	0.724060	5.059404	0.037055	0.003709
2.588200	-1.036933	0.155254	0.727371	5.065775	0.036908	0.003718
2.589200	-1.036357	0.155161	0.723674	5.052687	0.036851	0.003691
2.590200	-1.035397	0.154526	0.722487	5.019808	0.036576	0.003642
2.591200	-1.034721	0.154799	0.718532	5.020486	0.036667	0.003657
2.592200	-1.033906	0.153643	0.718366	4.986856	0.036230	0.003586
2.593200	-1.033416	0.153325	0.718635	4.969335	0.036093	0.003576
2.594200	-1.032839	0.153496	0.715642	4.952387	0.036108	0.003555
2.595200	-1.031935	0.153562	0.714334	4.919422	0.036049	0.003521
2.596200	-1.030824	0.152077	0.713205	4.867569	0.035468	0.003439
2.597200	-1.030603	0.151828	0.711162	4.857468	0.035372	0.003434
2.598200	-1.029449	0.151526	0.710096	4.821283	0.035193	0.003383
2.599200	-1.028836	0.151232	0.708298	4.797357	0.035048	0.003355
2.600200	-1.028250	0.150546	0.708379	4.761704	0.034755	0.003310
2.601200	-1.027652	0.150922	0.706920	4.766462	0.034885	0.003323
2.602200	-1.027044	0.150413	0.708846	4.775718	0.034760	0.003328
2.603200	-1.026198	0.149900	0.702730	4.695047	0.034406	0.003232
2.604200	-1.025323	0.148997	0.699891	4.675175	0.034090	0.003191
2.605200	-1.024791	0.149107	0.701976	4.676182	0.034130	0.003198
2.606200	-1.024133	0.149012	0.698637	4.670099	0.034091	0.003199
2.607200	-1.023421	0.148793	0.697519	4.642192	0.033959	0.003167
2.608200	-1.022670	0.148380	0.696457	4.612129	0.033764	0.003127
2.609200	-1.022025	0.148446	0.695497	4.641366	0.033863	0.003159
2.610200	-1.021270	0.147137	0.693824	4.568184	0.033294	0.003054
2.611200	-1.020597	0.147119	0.693753	4.542151	0.033227	0.003027
2.612200	-1.019957	0.146640	0.688849	4.524958	0.033046	0.003012
2.613200	-1.018973	0.146403	0.688050	4.511385	0.032947	0.003001
2.614200	-1.018523	0.145994	0.689008	4.494027	0.032787	0.002963
2.615200	-1.017756	0.145590	0.689399	4.445774	0.032550	0.002916
2.616200	-1.017362	0.145644	0.686916	4.446942	0.032574	0.002922
2.617200	-1.016447	0.145330	0.687221	4.434326	0.032454	0.002905
2.618200	-1.015834	0.144266	0.682416	4.393286	0.032046	0.002855
2.619200	-1.015092	0.144438	0.681842	4.399616	0.032116	0.002848
2.620200	-1.014111	0.143630	0.681245	4.348401	0.031756	0.002794
2.621200	-1.013807	0.143958	0.684133	4.372405	0.031916	0.002824
2.622200	-1.013288	0.143484	0.680378	4.309664	0.031623	0.002762
2.623200	-1.012570	0.143849	0.678648	4.355688	0.031851	0.002804
2.624200	-1.011515	0.142839	0.677401	4.301149	0.031426	0.002741
2.625200	-1.010963	0.142791	0.673728	4.279572	0.031361	0.002724
2.626200	-1.010167	0.142066	0.676026	4.232842	0.031038	0.002670
2.627200	-1.009802	0.141608	0.673625	4.236508	0.030922	0.002662
2.628200	-1.009155	0.142044	0.672129	4.232631	0.031040	0.002672
2.629200	-1.008333	0.141452	0.672778	4.197854	0.030787	0.002633
2.630200	-1.007591	0.141621	0.667265	4.190431	0.030820	0.002623
2.631200	-1.007141	0.140952	0.669227	4.180515	0.030609	0.002610
2.632200	-1.006370	0.140471	0.667950	4.145829	0.030389	0.002564
2.633200	-1.005516	0.139998	0.666836	4.126804	0.030211	0.002544
2.634200	-1.005064	0.140049	0.666188	4.118480	0.030208	0.002531
2.635200	-1.004301	0.139801	0.665337	4.089395	0.030068	0.002503
2.636200	-1.003664	0.139093	0.664943	4.082541	0.029857	0.002495
2.637200	-1.003078	0.139191	0.661469	4.067004	0.029848	0.002480
2.638200	-1.002277	0.139006	0.663145	4.064789	0.029795	0.002474
2.639200	-1.001531	0.138337	0.660924	4.025127	0.029511	0.002432
2.640200	-1.000812	0.138027	0.659797	3.984728	0.029325	0.002390
2.641200	-1.000468	0.137947	0.657771	3.994396	0.029332	0.002401
2.642200	-0.999628	0.138246	0.657703	3.995353	0.029421	0.002410
2.643200	-0.999149	0.137447	0.657914	3.957870	0.029108	0.002365
2.644200	-0.998334	0.137174	0.653914	3.956134	0.029032	0.002351
2.645200	-0.997510	0.136661	0.651639	3.923121	0.028810	0.002321
2.646200	-0.997158	0.136245	0.650818	3.912234	0.028673	0.002304
2.647200	-0.996426	0.136134	0.649611	3.862918	0.028519	0.002259
2.648200	-0.995688	0.135478	0.648707	3.854276	0.028322	0.002245
2.649200	-0.995138	0.135463	0.647913	3.855250	0.028324	0.002246
2.650200	-0.994456	0.135430	0.645112	3.834176	0.028265	0.002229
2.651200	-0.994003	0.135467	0.646505	3.843435	0.028302	0.002240
2.652200	-0.993334	0.134778	0.644091	3.804348	0.028019	0.002195
2.653200	-0.992347	0.134644	0.644833	3.801292	0.027978	0.002189
2.654200	-0.991869	0.134465	0.643736	3.803120	0.027938	0.002196
2.655200	-0.991281	0.133829	0.642015	3.762069	0.027665	0.002154
2.656200	-0.990529	0.133769	0.639035	3.744614	0.027608	0.002133
2.657200	-0.989925	0.133358	0.638232	3.739313	0.027488	0.002126
2.658200	-0.989388	0.133043	0.641811	3.719147	0.027355	0.002107
2.659200	-0.988625	0.132828	0.636075	3.687029	0.027218	0.002073
2.660200	-0.988173	0.132903	0.637957	3.704470	0.027287	0.002096
2.661200	-0.987628	0.132779	0.636340	3.714260	0.027283	0.002100
2.662200	-0.986818	0.132580	0.634278	3.675007	0.027132	0.002067
2.663200	-0.986224	0.132227	0.632744	3.665487	0.027017	0.002051
2.664200	-0.985541	0.131739	0.629251	3.625816	0.026789	0.002011
2.665200	-0.984700	0.131693	0.632535	3.620337	0.026766	0.002014
2.666200	-0.984142	0.131208	0.629782	3.597033	0.026581	0.001985
2.667200	-0.983687	0.130914	0.629443	3.591671	0.026494	0.001979
2.668200	-0.982920	0.130665	0.627273	3.555694	0.026338	0.001947
2.669200	-0.982368	0.130305	0.625872	3.559924	0.026259	0.001949
2.670200	-0.981942	0.130168	0.625385	3.552356	0.026207	0.001935
2.671200	-0.981197	0.129826	0.622925	3.520393	0.026038	0.001905
2.672200	-0.980558	0.129263	0.621019	3.497922	0.025837	0.001885
2.673200	-0.979978	0.129611	0.622603	3.506767	0.025954	0.001898
2.674200	-0.979564	0.129125	0.621816	3.487557	0.025781	0.001877
2.675200	-0.978780	0.129397	0.620358	3.477168	0.025828	0.001868
2.676200	-0.977992	0.129036	0.620702	3.473915	0.025729	0.001862
2.677200	-0.977415	0.128765	0.618731	3.463485	0.025636	0.001854
2.678200	-0.976860	0.128227	0.615030	3.412607	0.025368	0.001806
2.679200	-0.975948	0.127640	0.615440	3.400690	0.025189	0.001793
2.680200	-0.975627	0.127973	0.613388	3.418652	0.025325	0.001812
2.681200	-0.974901	0.127403	0.612287	3.380664	0.025083	0.001775
2.682200	-0.974326	0.127339	0.613888	3.374135	0.025053	0.001769
2.683200	-0.973521	0.126687	0.611062	3.343442	0.024810	0.001731
2.684200	-0.972953	0.126834	0.612051	3.356828	0.024886	0.001755
2.685200	-0.972513	0.126277	0.611899	3.322778	0.024659	0.001719
2.686200	-0.971717	0.126288	0.609213	3.336801	0.024702	0.001734
2.687200	-0.971280	0.126045	0.609877	3.310559	0.024575	0.001708
2.688200	-0.970622	0.126095	0.604598	3.311589	0.024594	0.001707
2.689200	-0.970025	0.125657	0.606360	3.283713	0.024413	0.001683
2.690200	-0.969435	0.125749	0.607242	3.296904	0.024474	0.001699
2.691200	-0.968792	0.125183	0.604284	3.271961	0.024270	0.001669
2.692200	-0.968326	0.124557	0.605536	3.245195	0.024046	0.001647
2.693200	-0.967864	0.125290	0.604536	3.268899	0.024295	0.001672
2.694200	-0.966927	0.124329	0.602118	3.227606	0.023950	0.001628
2.695200	-0.966166	0.124224	0.600461	3.213623	0.023890	0.001619
2.696200	-0.966001	0.124283	0.601535	3.211407	0.023902	0.001615
2.697200	-0.965058	0.123856	0.600272	3.190347	0.023744	0.001599
2.698200	-0.964672	0.123833	0.600286	3.190961	0.023743	0.001596
2.699200	-0.963983	0.123563	0.598577	3.181285	0.023653	0.001589
2.700200	-0.963304	0.123573	0.598083	3.172520	0.023636	0.001584
2.701200	-0.962946	0.122971	0.598363	3.143584	0.023414	0.001557
2.702200	-0.962091	0.122986	0.593758	3.144612	0.023424	0.001554
2.703200	-0.961459	0.122861	0.595801	3.141191	0.023387	0.001549
2.704200	-0.961058	0.122193	0.590576	3.098557	0.023114	0.001514
2.705200	-0.960552	0.122552	0.592886	3.123858	0.023271	0.001538
2.706200	-0.959954	0.122210	0.590951	3.103336	0.023137	0.001521
2.707200	-0.959289	0.121706	0.589657	3.086932	0.022973	0.001503
2.708200	-0.958765	0.121707	0.587801	3.081411	0.022962	0.001502
2.709200	-0.958193	0.121577	0.588518	3.065930	0.022893	0.001491
2.710200	-0.957271	0.121098	0.587150	3.035947	0.022700	0.001462
2.711200	-0.956917	0.120852	0.587530	3.037132	0.022646	0.001461
2.712200	-0.956422	0.120924	0.586826	3.046230	0.022691	0.001473
2.713200	-0.955772	0.120838	0.583392	3.030236	0.022631	0.001459
2.714200	-0.955313	0.120532	0.583823	3.008986	0.022503	0.001439
2.715200	-0.954565	0.120067	0.583475	2.996453	0.022361	0.001427
2.716200	-0.954133	0.120337	0.582474	3.002442	0.022445	0.001433
2.717200	-0.953287	0.119781	0.580594	2.966168	0.022218	0.001403
2.718200	-0.952858	0.119609	0.580030	2.962947	0.022171	0.001401
2.719200	-0.952343	0.119749	0.578506	2.967733	0.022220	0.001405
2.720200	-0.951404	0.119296	0.578358	2.955210	0.022082	0.001393
2.721200	-0.951014	0.119159	0.578544	2.945725	0.022027	0.001388
2.722200	-0.950530	0.119153	0.578258	2.931057	0.021989	0.001376
2.723200	-0.950025	0.118835	0.573972	2.921522	0.021891	0.001363
2.724200	-0.949382	0.118532	0.575010	2.907305	0.021784	0.001353
2.725200	-0.948847	0.118184	0.574909	2.893860	0.021669	0.001339
2.726200	-0.948079	0.118120	0.572703	2.882641	0.021627	0.001331
2.727200	-0.947745	0.118531	0.573153	2.892358	0.021753	0.001345
2.728200	-0.947076	0.117724	0.570238	2.866873	0.021497	0.001316
2.729200	-0.946465	0.117491	0.570352	2.864198	0.021438	0.001315
2.730200	-0.945958	0.117320	0.569470	2.840660	0.021338	0.001297
2.731200	-0.945447	0.117380	0.569623	2.855310	0.021394	0.001311
2.732200	-0.944944	0.117110	0.567072	2.837336	0.021285	0.001296
2.733200	-0.944312	0.116741	0.567165	2.806784	0.021120	0.001271
2.734200	-0.943631	0.116746	0.566458	2.824765	0.021172	0.001288
2.735200	-0.943079	0.116370	0.565366	2.793922	0.021005	0.001261
2.736200	-0.942588	0.116180	0.563817	2.777474	0.020920	0.001249
2.737200	-0.941897	0.115764	0.563456	2.767287	0.020798	0.001238
2.738200	-0.941305	0.115685	0.563536	2.773304	0.020799	0.001244
2.739200	-0.940680	0.115371	0.561348	2.745867	0.020656	0.001222
2.740200	-0.940247	0.115920	0.560750	2.760252	0.020824	0.001235
2.741200	-0.939703	0.115522	0.560007	2.749502	0.020706	0.001227
2.742200	-0.939312	0.115079	0.560068	2.730917	0.020556	0.001210
2.743200	-0.938604	0.115196	0.559070	2.735942	0.020600	0.001215
2.744200	-0.938086	0.115063	0.556233	2.728409	0.020551	0.001212
2.745200	-0.937571	0.114475	0.555132	2.692495	0.020323	0.001181
2.746200	-0.936980	0.114458	0.556124	2.695114	0.020328	0.001182
2.747200	-0.936171	0.114220	0.555096	2.668233	0.020205	0.001164
2.748200	-0.935533	0.114006	0.554360	2.682807	0.020197	0.001167
2.749200	-0.935513	0.114258	0.554610	2.683972	0.020261	0.001175
2.750200	-0.934823	0.113953	0.551474	2.668522	0.020152	0.001164
2.751200	-0.934061	0.113577	0.550372	2.647128	0.020012	0.001145
2.752200	-0.933498	0.113376	0.551692	2.634834	0.019936	0.001134
2.753200	-0.933201	0.113322	0.550196	2.630102	0.019913	0.001130
2.754200	-0.932493	0.112918	0.549722	2.621292	0.019801	0.001123
2.755200	-0.931834	0.112817	0.547539	2.611659	0.019755	0.001117
2.756200	-0.931401	0.112678	0.550579	2.610135	0.019722	0.001117
2.757200	-0.930804	0.112469	0.546944	2.590817	0.019625	0.001103
2.758200	-0.930189	0.112378	0.546817	2.602603	0.019639	0.001112
2.759200	-0.929717	0.112044	0.543647	2.586670	0.019524	0.001098
2.760200	-0.929196	0.111921	0.547066	2.575113	0.019467	0.001089
2.761200	-0.928647	0.111956	0.544492	2.573783	0.019474	0.001090
2.762200	-0.928144	0.111750	0.543359	2.560170	0.019394	0.001078
2.763200	-0.927488	0.111567	0.543807	2.556117	0.019345	0.001077
2.764200	-0.927091	0.111236	0.540361	2.532274	0.019209	0.001057
2.765200	-0.926409	0.111001	0.541498	2.535204	0.019167	0.001059
2.766200	-0.925667	0.110823	0.539817	2.513079	0.019070	0.001043
2.767200	-0.925520	0.111076	0.540791	2.524020	0.019159	0.001054
2.768200	-0.925075	0.110983	0.538348	2.525439	0.019144	0.001055
2.769200	-0.924150	0.110366	0.538269	2.491252	0.018918	0.001029
2.770200	-0.924058	0.110507	0.536895	2.500471	0.018976	0.001036
2.771200	-0.923175	0.110224	0.534930	2.478270	0.018856	0.001019
2.772200	-0.922578	0.109965	0.536101	2.486553	0.018824	0.001025
2.773200	-0.922218	0.110174	0.536627	2.480991	0.018857	0.001023
2.774200	-0.921692	0.109851	0.534214	2.468884	0.018756	0.001014
2.775200	-0.921180	0.109501	0.533035	2.457290	0.018650	0.001003
2.776200	-0.920717	0.109608	0.532115	2.457967	0.018678	0.001001
2.777200	-0.919893	0.109174	0.532727	2.444164	0.018548	0.000992
2.778200	-0.919681	0.109425	0.531619	2.449996	0.018621	0.001000
2.779200	-0.919085	0.108974	0.530787	2.432081	0.018476	0.000983
2.780200	-0.918563	0.108948	0.530482	2.419588	0.018439	0.000976
2.781200	-0.918132	0.109132	0.528893	2.419317	0.018481	0.000978
2.782200	-0.917410	0.108932	0.527045	2.423632	0.018451	0.000980
2.783200	-0.916673	0.108599	0.526646	2.400038	0.018317	0.000964
2.784200	-0.916467	0.108206	0.527446	2.398558	0.018230	0.000962
2.785200	-0.915767	0.108301	0.524729	2.384470	0.018215	0.000952
2.786200	-0.915541	0.108167	0.525616	2.393127	0.018211	0.000957
2.787200	-0.914848	0.107753	0.523666	2.372433	0.018068	0.000944
2.788200	-0.914112	0.107718	0.523473	2.361564	0.018033	0.000935
2.789200	-0.913947	0.107714	0.523529	2.365996	0.018047	0.000940
2.790200	-0.913407	0.107553	0.522437	2.354164	0.017982	0.000932
2.791200	-0.912793	0.107185	0.522308	2.339582	0.017866	0.000921
2.792200	-0.911986	0.106900	0.522655	2.328399	0.017777	0.000911
2.793200	-0.911722	0.106848	0.520346	2.323622	0.017755	0.000910
2.794200	-0.911155	0.106560	0.519503	2.312549	0.017665	0.000901
2.795200	-0.910572	0.106728	0.519941	2.321541	0.017728	0.000907
2.796200	-0.910015	0.106472	0.518615	2.299398	0.017615	0.000893
2.797200	-0.909608	0.106589	0.516886	2.306197	0.017661	0.000896
2.798200	-0.909050	0.106305	0.516743	2.298938	0.017583	0.000894
2.799200	-0.908610	0.106461	0.514924	2.295683	0.017609	0.000892
2.800200	-0.908089	0.106005	0.514548	2.278548	0.017468	0.000879
2.801200	-0.907490	0.105885	0.513206	2.276244	0.017438	0.000878
2.802200	-0.907156	0.105915	0.513167	2.281232	0.017461	0.000881
2.803200	-0.906535	0.105460	0.513673	2.264504	0.017321	0.000871
2.804200	-0.906063	0.105444	0.512454	2.254472	0.017292	0.000862
2.805200	-0.905406	0.105362	0.514566	2.262160	0.017298	0.000869
2.806200	-0.904931	0.105170	0.511074	2.238393	0.017195	0.000852
2.807200	-0.904382	0.104887	0.510448	2.235362	0.017129	0.000849
2.808200	-0.904000	0.104953	0.508710	2.227201	0.017123	0.000844
2.809200	-0.903137	0.104695	0.507538	2.218072	0.017046	0.000840
