1.800000	-1.859419	0.956960	0.444301	0.113656	0.915972	-0.000007
1.801000	-1.859464	0.956902	0.428307	0.111244	0.915857	-0.000042
1.802000	-1.858775	0.956779	0.439182	0.111161	0.915622	-0.000024
1.803000	-1.858953	0.956753	0.439692	0.112021	0.915573	-0.000043
1.804000	-1.857914	0.956325	0.436842	0.115988	0.914762	-0.000036
1.805000	-1.857036	0.956041	0.439067	0.114005	0.914215	-0.000018
1.806000	-1.857252	0.956133	0.442738	0.116562	0.914396	-0.000010
1.807000	-1.856162	0.955720	0.444911	0.117817	0.913608	-0.000008
1.808000	-1.853989	0.954885	0.452700	0.122467	0.912022	-0.000005
1.809000	-1.855196	0.955415	0.452901	0.120195	0.913029	-0.000024
1.810000	-1.854881	0.955251	0.455093	0.121706	0.912719	-0.000020
1.811000	-1.854107	0.955139	0.442936	0.116745	0.912498	-0.000044
1.812000	-1.855303	0.955504	0.441960	0.114781	0.913191	-0.000031
1.813000	-1.855150	0.955431	0.459559	0.123512	0.913068	-0.000010
1.814000	-1.852628	0.954391	0.455349	0.122287	0.911079	-0.000027
1.815000	-1.851803	0.954158	0.451601	0.123363	0.910636	-0.000012
1.816000	-1.852399	0.954507	0.448465	0.118651	0.911293	-0.000021
1.817000	-1.850832	0.953867	0.473938	0.127351	0.910088	-0.000004
1.818000	-1.850696	0.953892	0.467856	0.124153	0.910131	-0.000005
1.819000	-1.851371	0.953921	0.458033	0.126830	0.910191	0.000006
1.820000	-1.849336	0.953265	0.462485	0.126997	0.908939	-0.000015
1.821000	-1.849130	0.953263	0.456517	0.124730	0.908931	-0.000006
1.822000	-1.849545	0.953336	0.455974	0.128730	0.909079	-0.000013
1.823000	-1.849389	0.953217	0.467857	0.139979	0.908872	-0.000013
1.824000	-1.848427	0.953018	0.464621	0.127967	0.908471	-0.000005
1.825000	-1.847389	0.952522	0.456590	0.130063	0.907529	-0.000006
1.826000	-1.846976	0.952393	0.471394	0.133222	0.907291	-0.000016
1.827000	-1.847109	0.952535	0.478309	0.134360	0.907562	-0.000016
1.828000	-1.845751	0.952007	0.467063	0.129614	0.906548	-0.000015
1.829000	-1.846808	0.952379	0.469336	0.130366	0.907258	-0.000002
1.830000	-1.845910	0.952255	0.466903	0.126441	0.907016	-0.000028
1.831000	-1.847123	0.952718	0.463459	0.124797	0.907895	-0.000023
1.832000	-1.844303	0.951548	0.477345	0.134553	0.905684	0.000001
1.833000	-1.844574	0.951581	0.490035	0.142545	0.905762	-0.000024
1.834000	-1.843500	0.951187	0.472007	0.136403	0.905001	-0.000013
1.835000	-1.844361	0.951468	0.478838	0.135291	0.905533	-0.000012
1.836000	-1.842152	0.950698	0.483702	0.136541	0.904072	0.000027
1.837000	-1.842583	0.950796	0.480332	0.135223	0.904256	0.000017
1.838000	-1.841289	0.950346	0.487860	0.139716	0.903408	0.000014
1.839000	-1.843307	0.951239	0.478965	0.135574	0.905099	0.000008
1.840000	-1.841044	0.950356	0.470610	0.137379	0.903423	-0.000032
1.841000	-1.841211	0.950447	0.483083	0.135338	0.903592	0.000003
1.842000	-1.839907	0.950084	0.486787	0.135769	0.902903	0.000012
1.843000	-1.838782	0.949351	0.489309	0.145486	0.901529	0.000010
1.844000	-1.838556	0.949377	0.486009	0.144142	0.901577	0.000018
1.845000	-1.837780	0.948977	0.472460	0.148450	0.900825	-0.000003
1.846000	-1.837303	0.948752	0.487940	0.148322	0.900397	0.000024
1.847000	-1.837725	0.949269	0.475763	0.137544	0.901359	0.000022
1.848000	-1.836351	0.948633	0.505714	0.145986	0.900168	0.000005
1.849000	-1.837065	0.948823	0.491894	0.143059	0.900523	0.000020
1.850000	-1.835965	0.948009	0.505297	0.157874	0.899007	0.000046
1.851000	-1.834614	0.947773	0.497389	0.151641	0.898547	0.000021
1.852000	-1.834934	0.948025	0.499837	0.148466	0.899019	0.000033
1.853000	-1.833747	0.947641	0.494507	0.147200	0.898289	0.000004
1.854000	-1.834810	0.947976	0.505973	0.151088	0.898932	0.000034
1.855000	-1.833378	0.947404	0.507035	0.151388	0.897848	0.000026
1.856000	-1.833704	0.947628	0.510438	0.151201	0.898273	0.000041
1.857000	-1.832471	0.947145	0.510147	0.155088	0.897365	0.000019
1.858000	-1.832066	0.947325	0.497179	0.144210	0.897686	0.000006
1.859000	-1.831549	0.946954	0.497709	0.144193	0.896984	0.000038
1.860000	-1.831646	0.946782	0.498514	0.153942	0.896676	0.000033
1.861000	-1.829770	0.946049	0.503689	0.156700	0.895294	0.000035
1.862000	-1.830492	0.946571	0.502481	0.153682	0.896277	0.000021
1.863000	-1.828805	0.945693	0.513184	0.160441	0.894628	0.000029
1.864000	-1.828689	0.945758	0.511652	0.157117	0.894745	0.000055
1.865000	-1.827923	0.945405	0.523679	0.173377	0.894107	0.000032
1.866000	-1.829217	0.945980	0.516123	0.159402	0.895169	0.000033
1.867000	-1.828129	0.945559	0.516290	0.156640	0.894368	0.000033
1.868000	-1.825886	0.944449	0.520673	0.171197	0.892297	0.000051
1.869000	-1.826205	0.944931	0.516810	0.161539	0.893189	0.000053
1.870000	-1.824546	0.944080	0.531681	0.179170	0.891614	0.000044
1.871000	-1.824648	0.944338	0.524415	0.160828	0.892069	0.000042
1.872000	-1.824712	0.944090	0.523639	0.171280	0.891619	0.000045
1.873000	-1.824238	0.943810	0.529728	0.176486	0.891101	0.000036
1.874000	-1.823431	0.943430	0.520294	0.187326	0.890402	0.000043
1.875000	-1.822938	0.943406	0.552570	0.182075	0.890348	0.000034
1.876000	-1.822856	0.943611	0.549833	0.173444	0.890719	0.000040
1.877000	-1.822446	0.943290	0.534946	0.172204	0.890111	0.000046
1.878000	-1.822675	0.943269	0.520442	0.176196	0.890079	0.000044
1.879000	-1.822026	0.943171	0.530332	0.177479	0.889897	0.000074
1.880000	-1.821540	0.943203	0.534257	0.172284	0.889948	0.000078
1.881000	-1.820533	0.942659	0.529441	0.169672	0.888918	0.000072
1.882000	-1.819501	0.942104	0.529940	0.174830	0.887882	0.000085
1.883000	-1.819757	0.942101	0.544514	0.182105	0.887889	0.000071
1.884000	-1.818723	0.941849	0.534886	0.177440	0.887406	0.000078
1.885000	-1.818104	0.941752	0.537480	0.182756	0.887233	0.000077
1.886000	-1.816370	0.941044	0.545141	0.187914	0.885910	0.000072
1.887000	-1.817000	0.941177	0.533450	0.182224	0.886150	0.000057
1.888000	-1.815572	0.940630	0.567282	0.190908	0.885138	0.000089
1.889000	-1.815807	0.940753	0.542315	0.185046	0.885357	0.000074
1.890000	-1.814268	0.940096	0.546281	0.188163	0.884128	0.000084
1.891000	-1.814570	0.940246	0.545388	0.183409	0.884401	0.000081
1.892000	-1.813600	0.939829	0.553753	0.190050	0.883630	0.000082
1.893000	-1.813840	0.940038	0.554140	0.188176	0.884019	0.000084
1.894000	-1.813652	0.939989	0.544324	0.187667	0.883926	0.000055
1.895000	-1.812809	0.939575	0.559099	0.197784	0.883167	0.000074
1.896000	-1.811556	0.939138	0.572962	0.199816	0.882350	0.000084
1.897000	-1.808991	0.937913	0.555034	0.199601	0.880050	0.000082
1.898000	-1.810527	0.938995	0.553673	0.187525	0.882059	0.000116
1.899000	-1.809682	0.938097	0.559012	0.211316	0.880419	0.000111
1.900000	-1.809411	0.938265	0.565554	0.202335	0.880717	0.000090
1.901000	-1.810241	0.938650	0.551381	0.189657	0.881416	0.000095
1.902000	-1.808800	0.938287	0.556633	0.185627	0.880727	0.000096
1.903000	-1.808264	0.937782	0.559539	0.203274	0.879813	0.000088
1.904000	-1.806994	0.937420	0.561792	0.196428	0.879121	0.000108
1.905000	-1.807541	0.937724	0.564860	0.196527	0.879692	0.000103
1.906000	-1.806715	0.937768	0.546281	0.180838	0.879745	0.000080
1.907000	-1.805517	0.936897	0.570001	0.199654	0.878148	0.000101
1.908000	-1.805088	0.936832	0.557859	0.193097	0.878013	0.000092
1.909000	-1.804180	0.936241	0.582874	0.207574	0.876935	0.000095
1.910000	-1.804925	0.936666	0.558846	0.194369	0.877706	0.000119
1.911000	-1.804014	0.936378	0.578166	0.200958	0.877179	0.000084
1.912000	-1.801756	0.935240	0.574258	0.207950	0.875061	0.000109
1.913000	-1.801177	0.934947	0.586431	0.216699	0.874532	0.000117
1.914000	-1.802488	0.935549	0.589794	0.224369	0.875671	0.000110
1.915000	-1.801537	0.935410	0.580226	0.208574	0.875382	0.000105
1.916000	-1.800968	0.935037	0.590856	0.224154	0.874714	0.000107
1.917000	-1.799593	0.934081	0.607217	0.254410	0.872983	0.000106
1.918000	-1.797717	0.933486	0.606795	0.235109	0.871836	0.000130
1.919000	-1.798523	0.933959	0.574601	0.221987	0.872695	0.000101
1.920000	-1.797029	0.933149	0.583016	0.227718	0.871194	0.000116
1.921000	-1.797878	0.933703	0.607444	0.228854	0.872231	0.000104
1.922000	-1.795939	0.932458	0.607113	0.314699	0.870068	0.000131
1.923000	-1.796450	0.932868	0.607228	0.241041	0.870695	0.000123
1.924000	-1.796428	0.932993	0.583185	0.232349	0.870912	0.000127
1.925000	-1.794072	0.932017	0.607767	0.236452	0.869100	0.000135
1.926000	-1.793595	0.931569	0.607588	0.279632	0.868347	0.000137
1.927000	-1.793828	0.931876	0.609138	0.244273	0.868852	0.000118
1.928000	-1.792110	0.931060	0.614323	0.245346	0.867335	0.000117
1.929000	-1.790638	0.930829	0.596891	0.233950	0.866883	0.000102
1.930000	-1.791440	0.931329	0.593322	0.226824	0.867802	0.000128
1.931000	-1.791558	0.931134	0.593947	0.233630	0.867451	0.000132
1.932000	-1.790930	0.930960	0.624215	0.240012	0.867139	0.000120
1.933000	-1.790247	0.930726	0.625742	0.244181	0.866712	0.000140
1.934000	-1.788894	0.930026	0.629343	0.248308	0.865417	0.000121
1.935000	-1.788805	0.929975	0.615083	0.245546	0.865317	0.000124
1.936000	-1.786572	0.928729	0.626214	0.262498	0.863033	0.000117
1.937000	-1.786896	0.928990	0.634956	0.269217	0.863531	0.000138
1.938000	-1.787534	0.929280	0.617932	0.261566	0.864056	0.000150
1.939000	-1.786242	0.928894	0.631342	0.250551	0.863318	0.000137
1.940000	-1.786471	0.929128	0.623414	0.252763	0.863758	0.000135
1.941000	-1.786407	0.928985	0.615120	0.239017	0.863466	0.000133
1.942000	-1.784113	0.928362	0.626926	0.249203	0.862329	0.000153
1.943000	-1.784654	0.928391	0.619831	0.251364	0.862387	0.000136
1.944000	-1.783387	0.927387	0.628866	0.287645	0.860592	0.000154
1.945000	-1.782820	0.927434	0.624452	0.272207	0.860651	0.000157
1.946000	-1.780416	0.926394	0.646245	0.270586	0.858720	0.000129
1.947000	-1.783487	0.927902	0.626889	0.254314	0.861486	0.000126
1.948000	-1.780733	0.927004	0.644966	0.254137	0.859821	0.000136
1.949000	-1.779943	0.926165	0.653802	0.283366	0.858322	0.000146
1.950000	-1.777816	0.925335	0.654792	0.283334	0.856785	0.000135
1.951000	-1.779635	0.926197	0.628795	0.288292	0.858390	0.000140
1.952000	-1.778302	0.925631	0.634204	0.269864	0.857307	0.000155
1.953000	-1.776980	0.924924	0.629887	0.282925	0.856024	0.000147
1.954000	-1.775644	0.924163	0.640363	0.280685	0.854613	0.000154
1.955000	-1.776145	0.924662	0.654219	0.292811	0.855559	0.000167
1.956000	-1.775252	0.924555	0.640074	0.262906	0.855304	0.000159
1.957000	-1.774318	0.923897	0.647494	0.298607	0.854156	0.000146
1.958000	-1.774105	0.923885	0.647134	0.280780	0.854100	0.000144
1.959000	-1.773777	0.923765	0.640293	0.292785	0.853901	0.000144
1.960000	-1.774377	0.924412	0.638297	0.257384	0.855030	0.000157
1.961000	-1.773718	0.923698	0.655387	0.291121	0.853776	0.000148
1.962000	-1.771838	0.923144	0.639197	0.277517	0.852727	0.000146
1.963000	-1.770886	0.922306	0.648880	0.292506	0.851209	0.000137
1.964000	-1.771342	0.922717	0.675420	0.299562	0.851981	0.000138
1.965000	-1.769945	0.921821	0.669244	0.322036	0.850373	0.000146
1.966000	-1.769629	0.922291	0.657818	0.299213	0.851196	0.000141
1.967000	-1.769103	0.921803	0.660560	0.291235	0.850279	0.000156
1.968000	-1.768738	0.921521	0.668032	0.301254	0.849780	0.000159
1.969000	-1.766322	0.920441	0.680516	0.317775	0.847822	0.000174
1.970000	-1.767287	0.921149	0.655128	0.286859	0.849068	0.000174
1.971000	-1.765820	0.920354	0.656861	0.300306	0.847629	0.000172
1.972000	-1.763656	0.919261	0.671089	0.307150	0.845632	0.000171
1.973000	-1.764856	0.919850	0.687290	0.326272	0.846752	0.000157
1.974000	-1.762249	0.918745	0.677296	0.327447	0.844724	0.000163
1.975000	-1.762163	0.918416	0.700536	0.334620	0.844134	0.000161
1.976000	-1.762114	0.918915	0.662501	0.301064	0.844986	0.000148
1.977000	-1.761714	0.918312	0.677478	0.339585	0.843953	0.000158
1.978000	-1.763471	0.919742	0.676434	0.297024	0.846500	0.000159
1.979000	-1.762884	0.919308	0.642855	0.306585	0.845720	0.000152
1.980000	-1.759555	0.917765	0.690289	0.337577	0.842945	0.000158
1.981000	-1.758705	0.917271	0.712333	0.324465	0.842014	0.000178
1.982000	-1.758516	0.917177	0.683024	0.334846	0.841862	0.000151
1.983000	-1.760248	0.917984	0.698891	0.325586	0.843325	0.000146
1.984000	-1.753814	0.914876	0.701701	0.354267	0.837684	0.000166
1.985000	-1.756041	0.915739	0.706567	0.356186	0.839268	0.000161
1.986000	-1.755194	0.915740	0.681199	0.328298	0.839216	0.000155
1.987000	-1.754454	0.914864	0.712018	0.392862	0.837738	0.000152
1.988000	-1.754643	0.915647	0.689701	0.319890	0.839031	0.000154
1.989000	-1.754242	0.914920	0.706792	0.359117	0.837775	0.000158
1.990000	-1.752581	0.914180	0.709774	0.357813	0.836420	0.000135
1.991000	-1.750989	0.913590	0.691753	0.373846	0.835373	0.000164
1.992000	-1.751639	0.914179	0.708207	0.363041	0.836429	0.000165
1.993000	-1.751496	0.914030	0.692903	0.359419	0.836151	0.000157
1.994000	-1.751722	0.914317	0.726530	0.364220	0.836684	0.000151
1.995000	-1.749279	0.913182	0.703430	0.356281	0.834596	0.000153
1.996000	-1.748661	0.912093	0.747782	0.433120	0.832758	0.000175
1.997000	-1.748882	0.912986	0.706305	0.356201	0.834238	0.000167
1.998000	-1.747267	0.911984	0.723775	0.381698	0.832460	0.000153
1.999000	-1.746088	0.912107	0.699905	0.344880	0.832613	0.000165
2.000000	-1.747013	0.912441	0.709329	0.366963	0.833265	0.000154
2.001000	-1.745329	0.911220	0.717350	0.392717	0.831090	0.000143
2.002000	-1.744798	0.911212	0.723708	0.372259	0.831035	0.000179
2.003000	-1.742065	0.909421	0.740545	0.416599	0.827862	0.000187
2.004000	-1.743996	0.910716	0.734740	0.394210	0.830176	0.000161
2.005000	-1.741988	0.909579	0.720631	0.398995	0.828114	0.000191
2.006000	-1.741879	0.909553	0.751544	0.397703	0.828066	0.000157
2.007000	-1.741422	0.909753	0.736829	0.371466	0.828379	0.000173
2.008000	-1.739828	0.908959	0.737572	0.392094	0.826976	0.000181
2.009000	-1.740688	0.909628	0.730991	0.378638	0.828167	0.000166
2.010000	-1.737841	0.907821	0.745818	0.402310	0.824928	0.000162
2.011000	-1.738796	0.908096	0.745513	0.429669	0.825482	0.000150
2.012000	-1.737804	0.908053	0.741645	0.406534	0.825359	0.000154
2.013000	-1.734182	0.905879	0.774752	0.465410	0.821532	0.000173
2.014000	-1.735005	0.906136	0.764787	0.452891	0.821973	0.000157
2.015000	-1.732986	0.905343	0.758565	0.437646	0.820508	0.000172
2.016000	-1.734686	0.906640	0.743692	0.407696	0.822799	0.000148
2.017000	-1.734732	0.906597	0.748148	0.404272	0.822714	0.000171
2.018000	-1.730979	0.904512	0.753178	0.440589	0.819011	0.000162
2.019000	-1.731862	0.905102	0.742990	0.446756	0.820091	0.000157
2.020000	-1.730575	0.904410	0.776162	0.458662	0.818863	0.000182
2.021000	-1.730721	0.904811	0.758108	0.425424	0.819523	0.000166
2.022000	-1.727645	0.902685	0.776206	0.504404	0.815837	0.000147
2.023000	-1.728504	0.903758	0.747099	0.411683	0.817591	0.000148
2.024000	-1.728338	0.902869	0.808995	0.534732	0.816230	0.000167
2.025000	-1.727779	0.903510	0.771709	0.428168	0.817176	0.000183
2.026000	-1.725836	0.902113	0.780607	0.462473	0.814723	0.000142
2.027000	-1.724207	0.901573	0.762800	0.439632	0.813704	0.000161
2.028000	-1.725246	0.902509	0.768511	0.431820	0.815377	0.000180
2.029000	-1.724703	0.901999	0.781013	0.434276	0.814463	0.000162
2.030000	-1.722029	0.898208	0.814597	0.827216	0.808418	0.000164
2.031000	-1.722112	0.900274	0.789296	0.464752	0.811415	0.000169
2.032000	-1.721448	0.900268	0.778211	0.466885	0.811408	0.000168
2.033000	-1.720895	0.898878	0.828054	0.586856	0.809146	0.000181
2.034000	-1.719900	0.899551	0.793758	0.496757	0.810178	0.000178
2.035000	-1.719830	0.899325	0.789093	0.498472	0.809776	0.000167
2.036000	-1.718333	0.898725	0.797607	0.485370	0.808671	0.000177
2.037000	-1.718436	0.899087	0.772257	0.461697	0.809276	0.000180
2.038000	-1.717515	0.898314	0.784460	0.505417	0.807974	0.000176
2.039000	-1.714394	0.896059	0.834348	0.575310	0.804067	0.000172
2.040000	-1.713665	0.895841	0.841918	0.588567	0.803704	0.000170
2.041000	-1.713271	0.895532	0.822806	0.565954	0.803106	0.000177
2.042000	-1.714327	0.896991	0.805765	0.473440	0.805536	0.000163
2.043000	-1.713611	0.895745	0.812244	0.562650	0.803482	0.000170
2.044000	-1.712923	0.896312	0.793595	0.498971	0.804372	0.000169
2.045000	-1.713947	0.896405	0.824047	0.552755	0.804645	0.000186
2.046000	-1.710465	0.894676	0.817070	0.531865	0.801507	0.000172
2.047000	-1.710620	0.895012	0.805831	0.505235	0.802057	0.000166
2.048000	-1.709973	0.894544	0.814503	0.553617	0.801316	0.000176
2.049000	-1.706079	0.892235	0.854917	0.614834	0.797314	0.000149
2.050000	-1.707630	0.894270	0.803873	0.498323	0.800717	0.000160
2.051000	-1.705770	0.892266	0.838792	0.552115	0.797244	0.000168
2.052000	-1.705615	0.892328	0.831414	0.585204	0.797422	0.000189
2.053000	-1.703035	0.891110	0.824356	0.580922	0.795242	0.000181
2.054000	-1.702624	0.889764	0.835889	0.657542	0.792999	0.000168
2.055000	-1.703139	0.891874	0.848702	0.537986	0.796519	0.000177
2.056000	-1.701291	0.889236	0.887235	0.763849	0.792275	0.000186
2.057000	-1.700230	0.889057	0.867579	0.654891	0.791738	0.000171
2.058000	-1.701807	0.890746	0.835802	0.631022	0.794697	0.000191
2.059000	-1.700121	0.889429	0.820166	0.568668	0.792228	0.000177
2.060000	-1.696930	0.887949	0.871041	0.617565	0.789696	0.000157
2.061000	-1.697339	0.888794	0.852400	0.558806	0.791079	0.000170
2.062000	-1.696722	0.887113	0.884171	0.734183	0.788447	0.000154
2.063000	-1.694916	0.886694	0.881968	0.648549	0.787532	0.000193
2.064000	-1.694201	0.886184	0.896157	0.670365	0.786673	0.000176
2.065000	-1.693615	0.885989	0.860248	0.689426	0.786367	0.000172
2.066000	-1.693667	0.886599	0.837039	0.571305	0.787210	0.000180
2.067000	-1.691348	0.885368	0.867007	0.617534	0.785123	0.000166
2.068000	-1.692016	0.885924	0.888059	0.688637	0.786251	0.000169
2.069000	-1.691090	0.884840	0.890876	0.658281	0.784272	0.000176
2.070000	-1.690797	0.884489	0.902094	0.705995	0.783747	0.000161
2.071000	-1.689308	0.883367	0.887172	0.711906	0.781777	0.000164
2.072000	-1.688680	0.883017	0.898279	0.734753	0.781206	0.000178
2.073000	-1.685556	0.881515	0.911248	0.745843	0.778578	0.000175
2.074000	-1.688414	0.883982	0.903085	0.652643	0.782746	0.000178
2.075000	-1.688587	0.884225	0.870119	0.613895	0.783097	0.000181
2.076000	-1.683693	0.880633	0.917077	0.783183	0.777102	0.000169
2.077000	-1.684198	0.881964	0.854056	0.630370	0.779140	0.000180
2.078000	-1.682364	0.879972	0.852795	0.719496	0.775812	0.000178
2.079000	-1.680109	0.878102	0.908179	0.817651	0.772723	0.000167
2.080000	-1.680089	0.878382	0.866175	0.737511	0.773053	0.000173
2.081000	-1.680695	0.879433	0.885680	0.687459	0.774799	0.000167
2.082000	-1.678244	0.877451	0.951072	0.858098	0.771665	0.000191
2.083000	-1.677980	0.877560	0.930773	0.809941	0.771758	0.000170
2.084000	-1.674332	0.874869	0.950121	0.864836	0.767156	0.000185
2.085000	-1.674908	0.875610	0.914828	0.784600	0.768290	0.000169
2.086000	-1.675157	0.876469	0.928299	0.762557	0.769751	0.000162
2.087000	-1.674255	0.876051	0.916633	0.806288	0.769108	0.000177
2.088000	-1.672828	0.874627	0.971696	0.830590	0.766666	0.000181
2.089000	-1.672836	0.873569	0.928738	0.921734	0.765004	0.000172
2.090000	-1.672268	0.874922	0.918821	0.830951	0.767184	0.000171
2.091000	-1.673901	0.876811	0.901718	0.697460	0.770222	0.000184
2.092000	-1.672427	0.874312	0.906376	0.852944	0.766164	0.000196
2.093000	-1.671064	0.874405	0.922519	0.827901	0.766276	0.000193
2.094000	-1.670757	0.873562	0.969846	0.949537	0.765052	0.000170
2.095000	-1.664149	0.870018	0.949374	0.880602	0.758732	0.000172
2.096000	-1.667081	0.871767	0.968044	0.939714	0.761900	0.000183
2.097000	-1.663770	0.869464	0.977070	0.915307	0.757842	0.000193
2.098000	-1.663877	0.870201	0.972895	0.904229	0.759102	0.000168
2.099000	-1.661847	0.868748	0.949167	0.898964	0.756566	0.000175
2.100000	-1.662904	0.868816	0.954628	0.985391	0.756863	0.000179
2.101000	-1.660751	0.867740	0.975571	0.935876	0.754892	0.000161
2.102000	-1.659703	0.866807	0.975532	1.009324	0.753426	0.000176
2.103000	-1.660389	0.867808	0.979196	0.987419	0.755118	0.000175
2.104000	-1.657611	0.866404	1.002613	1.227140	0.753178	0.000161
2.105000	-1.656749	0.865667	0.979166	1.072597	0.751585	0.000162
2.106000	-1.656250	0.864465	1.013523	1.167480	0.749701	0.000196
2.107000	-1.655435	0.864996	0.969522	0.959908	0.750193	0.000188
2.108000	-1.653842	0.864167	1.002702	0.966031	0.748773	0.000186
2.109000	-1.652594	0.863662	0.952070	0.906858	0.747780	0.000171
2.110000	-1.651780	0.862141	1.037998	1.143298	0.745644	0.000183
2.111000	-1.648882	0.860251	1.016269	1.113874	0.742328	0.000208
2.112000	-1.648442	0.860106	1.008942	1.082723	0.742016	0.000158
2.113000	-1.649329	0.861418	0.956791	0.993602	0.744091	0.000169
2.114000	-1.645941	0.857504	1.049544	1.480641	0.738369	0.000182
2.115000	-1.646590	0.858953	1.015606	1.175961	0.740229	0.000172
2.116000	-1.644918	0.858288	1.008718	1.145433	0.739025	0.000175
2.117000	-1.645475	0.857622	1.013517	1.200573	0.737998	0.000182
2.118000	-1.643129	0.857223	1.047819	1.275650	0.737470	0.000190
2.119000	-1.643066	0.858507	0.989535	1.006350	0.739117	0.000168
2.120000	-1.642059	0.857315	1.019286	1.079155	0.737223	0.000177
2.121000	-1.641841	0.855276	1.062203	1.628339	0.734870	0.000168
2.122000	-1.639951	0.855759	0.989936	1.150195	0.734706	0.000189
2.123000	-1.643199	0.859225	1.019292	1.074036	0.740495	0.000162
2.124000	-1.640014	0.857808	0.997864	1.002557	0.737914	0.000170
2.125000	-1.637543	0.854793	1.032189	1.153024	0.733064	0.000184
2.126000	-1.634765	0.852427	1.050578	1.200025	0.729124	0.000165
2.127000	-1.635765	0.854170	1.046062	1.185020	0.732068	0.000177
2.128000	-1.633600	0.853192	1.030762	1.055908	0.730131	0.000165
2.129000	-1.634404	0.852656	1.031803	1.228364	0.729576	0.000184
2.130000	-1.632454	0.851857	1.021595	1.183645	0.728122	0.000166
2.131000	-1.631530	0.849926	1.006831	1.244124	0.724963	0.000178
2.132000	-1.628575	0.845638	1.110639	2.613419	0.720544	0.000176
2.133000	-1.628629	0.849399	1.050322	1.187624	0.723953	0.000193
2.134000	-1.628395	0.846635	1.082032	1.549832	0.720021	0.000183
2.135000	-1.630172	0.851869	1.026490	1.080265	0.727932	0.000178
2.136000	-1.624300	0.845804	1.081213	1.313494	0.718124	0.000186
2.137000	-1.624182	0.847733	0.999319	1.101141	0.720949	0.000201
2.138000	-1.621025	0.842098	1.122804	1.614740	0.712500	0.000194
2.139000	-1.620906	0.839914	1.118227	1.953441	0.709536	0.000183
2.140000	-1.622294	0.845730	1.050927	1.209274	0.717786	0.000203
2.141000	-1.621852	0.845967	1.031783	1.155362	0.718076	0.000160
2.142000	-1.617630	0.840790	1.097691	1.551211	0.710173	0.000187
2.143000	-1.617170	0.840406	1.140068	1.664955	0.709767	0.000170
2.144000	-1.616973	0.840136	1.129753	1.806550	0.709611	0.000176
2.145000	-1.612329	0.838149	1.112771	1.598917	0.705843	0.000178
2.146000	-1.617850	0.842626	1.073291	1.261314	0.712662	0.000162
2.147000	-1.611602	0.837419	1.087553	1.482732	0.704380	0.000172
2.148000	-1.615017	0.840486	1.092170	1.375779	0.709302	0.000192
2.149000	-1.615712	0.842150	1.036777	1.242071	0.711823	0.000183
2.150000	-1.609744	0.834029	1.160500	1.977670	0.699757	0.000190
2.151000	-1.608800	0.834805	1.114603	1.715550	0.700504	0.000177
2.152000	-1.606011	0.829860	1.220351	2.238660	0.693373	0.000161
2.153000	-1.604261	0.831296	1.174207	2.057992	0.695381	0.000175
2.154000	-1.603331	0.829638	1.212819	2.040497	0.692591	0.000173
2.155000	-1.604250	0.830256	1.206212	2.138791	0.693827	0.000181
2.156000	-1.605036	0.833549	1.172837	1.865077	0.698731	0.000189
2.157000	-1.603930	0.831470	1.189936	1.991778	0.695538	0.000164
2.158000	-1.599848	0.828474	1.186062	2.084346	0.690762	0.000178
2.159000	-1.601104	0.830913	1.137921	1.643089	0.693880	0.000166
2.160000	-1.598865	0.828434	1.184888	1.856725	0.690219	0.000201
2.161000	-1.596550	0.826831	1.133761	2.072222	0.688023	0.000175
2.162000	-1.591838	0.818245	1.295834	3.593242	0.677111	0.000177
2.163000	-1.597006	0.828154	1.122359	1.737037	0.689509	0.000173
2.164000	-1.591025	0.820996	1.214477	2.131416	0.678539	0.000170
2.165000	-1.593048	0.826169	1.199147	1.736965	0.686227	0.000165
2.166000	-1.589595	0.820123	1.187091	2.351237	0.677576	0.000176
2.167000	-1.590140	0.822346	1.187460	2.150809	0.680804	0.000211
2.168000	-1.590054	0.823672	1.178366	1.913257	0.682486	0.000183
2.169000	-1.586564	0.820069	1.160752	2.004214	0.676758	0.000180
2.170000	-1.587716	0.821754	1.186946	1.987161	0.679490	0.000153
2.171000	-1.583520	0.816264	1.174737	2.051138	0.670636	0.000151
2.172000	-1.584492	0.819366	1.173290	1.933167	0.675462	0.000166
2.173000	-1.573971	0.789439	1.549005	9.271037	0.642887	0.000151
2.174000	-1.581362	0.815265	1.225072	2.173129	0.669270	0.000164
2.175000	-1.577307	0.811505	1.236769	2.995977	0.664903	0.000178
2.176000	-1.573609	0.807824	1.281734	2.778171	0.658483	0.000182
2.177000	-1.573903	0.808164	1.284071	2.801446	0.659086	0.000163
2.178000	-1.574486	0.808841	1.306725	2.640373	0.659840	0.000191
2.179000	-1.578967	0.817536	1.152008	1.784281	0.672162	0.000170
2.180000	-1.576353	0.811307	1.288996	3.202782	0.665038	0.000170
2.181000	-1.565707	0.794424	1.377819	5.447312	0.642712	0.000169
2.182000	-1.571591	0.806557	1.275082	2.595211	0.656065	0.000159
2.183000	-1.566845	0.805359	1.249156	2.552127	0.654044	0.000184
2.184000	-1.566580	0.801298	1.376298	3.798137	0.650180	0.000166
2.185000	-1.569988	0.810222	1.203125	2.012916	0.660756	0.000158
2.186000	-1.569278	0.803999	1.400448	3.502380	0.653891	0.000180
2.187000	-1.564071	0.801556	1.292453	2.686041	0.648229	0.000182
2.188000	-1.561107	0.795201	1.328237	4.284360	0.641500	0.000164
2.189000	-1.560137	0.796545	1.311686	3.155557	0.641229	0.000144
2.190000	-1.557961	0.795835	1.289326	3.346461	0.640511	0.000154
2.191000	-1.559460	0.795126	1.339171	3.543292	0.639807	0.000149
2.192000	-1.566112	0.808901	1.218915	1.929456	0.658451	0.000203
2.193000	-1.559895	0.801312	1.315634	2.509064	0.647475	0.000169
2.194000	-1.554930	0.791100	1.376669	3.516705	0.633375	0.000152
2.195000	-1.550206	0.789766	1.352999	2.981727	0.630122	0.000157
2.196000	-1.545628	0.783620	1.395060	3.513031	0.621595	0.000150
2.197000	-1.552576	0.791023	1.361363	4.278357	0.634897	0.000158
2.198000	-1.550049	0.789727	1.433161	3.821576	0.631871	0.000138
2.199000	-1.550177	0.787627	1.362938	5.044573	0.631189	0.000163
2.200000	-1.553331	0.795605	1.357942	3.023675	0.639484	0.000162
2.201000	-1.545672	0.776044	1.434058	7.085904	0.617475	0.000159
2.202000	-1.546209	0.786267	1.428583	4.366933	0.627607	0.000160
2.203000	-1.543727	0.782909	1.389904	4.461267	0.622544	0.000148
2.204000	-1.535106	0.767961	1.509418	7.263526	0.605397	0.000153
2.205000	-1.534186	0.772437	1.477549	4.666810	0.606708	0.000119
2.206000	-1.538098	0.773593	1.443344	5.985685	0.611341	0.000150
2.207000	-1.542318	0.783050	1.363642	5.313475	0.624619	0.000168
2.208000	-1.532051	0.768773	1.499398	5.487682	0.602845	0.000151
2.209000	-1.531247	0.768033	1.519007	5.506828	0.601755	0.000129
2.210000	-1.538955	0.785127	1.389229	3.051863	0.623011	0.000156
2.211000	-1.531614	0.769467	1.448016	5.900444	0.604819	0.000157
2.212000	-1.529564	0.770294	1.454002	5.687772	0.605639	0.000149
2.213000	-1.528736	0.769037	1.436663	5.034355	0.602298	0.000130
2.214000	-1.518250	0.746460	1.560521	8.735949	0.576090	0.000125
2.215000	-1.523737	0.767343	1.437829	4.374960	0.598278	0.000142
2.216000	-1.528244	0.774983	1.404835	3.626986	0.608447	0.000144
2.217000	-1.523668	0.759329	1.508813	6.736356	0.591165	0.000137
2.218000	-1.524052	0.760649	1.504159	6.083722	0.591765	0.000145
2.219000	-1.522436	0.760292	1.532350	6.764808	0.592703	0.000142
2.220000	-1.519664	0.760397	1.470884	5.934753	0.591070	0.000148
2.221000	-1.516489	0.755418	1.501645	5.857605	0.583362	0.000147
2.222000	-1.511569	0.747947	1.548021	7.243705	0.575143	0.000132
2.223000	-1.509533	0.741515	1.632081	8.801952	0.568952	0.000129
2.224000	-1.513077	0.756904	1.542765	5.209358	0.584217	0.000139
2.225000	-1.506288	0.741213	1.619085	8.479996	0.567823	0.000133
2.226000	-1.509112	0.742825	1.583190	7.941821	0.569053	0.000116
2.227000	-1.505910	0.744645	1.509031	6.981101	0.569679	0.000121
2.228000	-1.507803	0.753246	1.572591	5.167925	0.578624	0.000109
2.229000	-1.503576	0.739231	1.646576	8.811539	0.565643	0.000126
2.230000	-1.506886	0.749549	1.560894	6.412306	0.575788	0.000133
2.231000	-1.505878	0.755455	1.380383	4.131930	0.579715	0.000134
2.232000	-1.502695	0.752783	1.464057	4.207642	0.575853	0.000112
2.233000	-1.495226	0.728493	1.671320	9.650734	0.551748	0.000133
2.234000	-1.495255	0.726782	1.669326	9.177266	0.548233	0.000090
2.235000	-1.498539	0.745299	1.557497	5.287607	0.567012	0.000092
2.236000	-1.488986	0.726305	1.606900	7.702818	0.544339	0.000119
2.237000	-1.490675	0.727236	1.605510	7.818307	0.545952	0.000099
2.238000	-1.497655	0.743453	1.536243	5.921187	0.565663	0.000108
2.239000	-1.485913	0.718990	1.704961	9.186689	0.537033	0.000085
2.240000	-1.481712	0.710337	1.811597	10.541730	0.527638	0.000090
2.241000	-1.486398	0.723119	1.683168	9.365048	0.543396	0.000119
2.242000	-1.486761	0.731974	1.545970	5.914595	0.548736	0.000069
2.243000	-1.473146	0.703600	1.728773	9.996982	0.516950	0.000097
2.244000	-1.476803	0.715328	1.572555	7.411400	0.527935	0.000058
2.245000	-1.475203	0.705702	1.765126	11.427991	0.523069	0.000084
2.246000	-1.474133	0.705987	1.722775	10.047391	0.520456	0.000064
2.247000	-1.472746	0.705180	1.659033	9.803366	0.518791	0.000056
2.248000	-1.471583	0.703250	1.826797	11.095417	0.518918	0.000096
2.249000	-1.475822	0.715282	1.637161	9.216753	0.531871	0.000107
2.250000	-1.465769	0.696071	1.707801	10.853255	0.508363	0.000072
2.251000	-1.471486	0.708279	1.691945	9.425103	0.522378	0.000076
2.252000	-1.472765	0.710292	1.648396	9.297910	0.524963	0.000099
2.253000	-1.461110	0.690007	1.795711	11.333624	0.501046	0.000043
2.254000	-1.463457	0.691183	1.809722	12.677103	0.505638	0.000066
2.255000	-1.456825	0.689542	1.753195	9.323753	0.496001	0.000071
2.256000	-1.462136	0.696652	1.664545	10.308986	0.508035	0.000058
2.257000	-1.456382	0.692444	1.719878	8.803507	0.498883	0.000054
2.258000	-1.448599	0.662119	2.011928	15.545974	0.472682	0.000070
2.259000	-1.449442	0.675904	1.813338	12.541037	0.484513	0.000047
2.260000	-1.449111	0.665058	2.008773	15.646836	0.476835	0.000071
2.261000	-1.445802	0.668210	1.821184	12.889437	0.474965	0.000039
2.262000	-1.449481	0.679224	1.760433	11.135309	0.485943	0.000039
2.263000	-1.447077	0.678299	1.732187	9.998373	0.482185	0.000029
2.264000	-1.440036	0.661109	1.913822	13.101847	0.466032	0.000043
2.265000	-1.433452	0.649232	1.955457	14.641295	0.453888	0.000049
2.266000	-1.436768	0.650665	1.918422	15.822626	0.458378	0.000043
2.267000	-1.432223	0.647915	1.754258	12.559090	0.447598	0.000013
2.268000	-1.448857	0.679357	1.868691	12.648702	0.489540	0.000077
2.269000	-1.437015	0.671644	1.648965	10.273735	0.473870	0.000030
2.270000	-1.440063	0.663150	1.848263	14.244540	0.471346	0.000070
2.271000	-1.424158	0.637828	1.889873	15.295089	0.440745	0.000009
2.272000	-1.432506	0.651992	1.856427	13.975947	0.456103	0.000020
2.273000	-1.425674	0.639388	1.907675	15.738606	0.443753	0.000022
2.274000	-1.424329	0.647467	1.835965	13.408420	0.448989	-0.000009
2.275000	-1.411292	0.611389	1.990060	17.453952	0.412574	-0.000004
2.276000	-1.416638	0.627933	1.808624	14.782487	0.427156	-0.000007
2.277000	-1.422510	0.646384	1.868841	12.817872	0.446314	0.000023
2.278000	-1.410321	0.613818	1.890769	17.487548	0.415675	0.000007
2.279000	-1.414206	0.632576	1.858895	15.068009	0.433688	-0.000007
2.280000	-1.418993	0.641159	1.757333	13.730513	0.441656	0.000022
2.281000	-1.415164	0.629860	1.888382	15.778295	0.431871	-0.000003
2.282000	-1.407840	0.618028	1.831593	15.155664	0.415734	0.000010
2.283000	-1.414573	0.634472	1.915950	14.926858	0.435834	0.000006
2.284000	-1.410277	0.631596	1.790578	13.337467	0.428662	0.000018
2.285000	-1.410580	0.638915	1.741657	11.695124	0.434309	-0.000011
2.286000	-1.403936	0.616238	1.798641	15.649028	0.414685	0.000006
2.287000	-1.407166	0.627342	1.817327	14.393695	0.425705	0.000013
2.288000	-1.382888	0.555099	1.950364	22.319103	0.358005	-0.000011
2.289000	-1.402158	0.617012	1.906677	15.842316	0.416117	0.000002
2.290000	-1.395589	0.603121	1.892527	16.070433	0.399694	-0.000013
2.291000	-1.393811	0.601643	1.848038	15.316548	0.396242	-0.000003
2.292000	-1.397296	0.612748	1.821312	14.789434	0.408563	0.000004
2.293000	-1.383166	0.573187	1.957287	18.417453	0.369784	-0.000008
2.294000	-1.391961	0.604121	1.802302	15.416522	0.399498	-0.000025
2.295000	-1.377275	0.561431	1.991207	19.751015	0.359471	0.000005
2.296000	-1.376425	0.559210	1.979401	21.101829	0.360030	-0.000001
2.297000	-1.374656	0.568699	1.881561	18.307756	0.364486	-0.000006
2.298000	-1.361870	0.517195	1.988277	23.956111	0.321251	0.000004
2.299000	-1.379645	0.574351	1.912511	17.904706	0.370077	-0.000024
2.300000	-1.377946	0.576160	1.918549	17.150785	0.370483	-0.000032
2.301000	-1.366684	0.549613	1.784599	19.201292	0.345221	-0.000019
2.302000	-1.374968	0.572751	1.857995	18.274854	0.369126	-0.000006
2.303000	-1.371187	0.567562	1.971763	17.944809	0.362485	-0.000028
2.304000	-1.369000	0.566040	1.884099	17.826677	0.360511	-0.000023
2.305000	-1.365387	0.558422	1.937942	18.860753	0.354291	-0.000017
2.306000	-1.356679	0.521280	1.860661	21.950047	0.321163	-0.000017
2.307000	-1.362159	0.560358	1.921539	16.893926	0.352062	-0.000034
2.308000	-1.363048	0.548421	1.854338	18.468863	0.342392	-0.000034
2.309000	-1.360031	0.544871	1.958919	20.465973	0.343032	-0.000013
2.310000	-1.360541	0.534370	1.829622	21.818069	0.334770	-0.000044
2.311000	-1.359477	0.548667	1.811260	18.722451	0.343289	-0.000026
2.312000	-1.356355	0.551375	1.849686	17.114894	0.342656	-0.000053
2.313000	-1.346616	0.527045	1.865041	18.998186	0.320689	-0.000026
2.314000	-1.348230	0.526912	1.989613	21.390586	0.325974	-0.000027
2.315000	-1.344679	0.524167	1.892946	19.673506	0.319228	-0.000036
2.316000	-1.351642	0.537601	1.780816	18.719461	0.331353	-0.000054
2.317000	-1.349332	0.530663	1.859813	19.698400	0.326174	0.000000
2.318000	-1.338616	0.511862	1.764151	19.592771	0.306354	-0.000022
2.319000	-1.346093	0.529054	1.862210	19.315010	0.323639	-0.000012
2.320000	-1.347859	0.539978	1.821064	18.378739	0.333216	-0.000041
2.321000	-1.347959	0.541244	1.718626	17.795060	0.333280	-0.000042
2.322000	-1.337429	0.507556	1.936931	21.618325	0.306635	-0.000017
2.323000	-1.325728	0.488170	1.742660	19.895655	0.283444	-0.000037
2.324000	-1.325209	0.491008	1.799568	19.008515	0.284229	-0.000017
2.325000	-1.333264	0.512716	1.629084	17.583241	0.302800	-0.000048
2.326000	-1.329698	0.508630	1.801371	18.246687	0.300152	-0.000046
2.327000	-1.329529	0.503287	1.725737	19.103980	0.296711	-0.000053
2.328000	-1.316643	0.462739	1.834160	22.473167	0.265219	-0.000012
2.329000	-1.322033	0.470419	1.899008	22.482554	0.272428	0.000001
2.330000	-1.320939	0.482489	1.809920	19.665943	0.277543	-0.000052
2.331000	-1.307549	0.436255	1.804662	22.750236	0.242106	-0.000023
2.332000	-1.304556	0.446493	1.729173	21.397203	0.248084	-0.000023
2.333000	-1.316079	0.470285	1.837158	22.115563	0.271554	-0.000017
2.334000	-1.304967	0.439281	1.773487	21.880984	0.242841	-0.000005
2.335000	-1.304889	0.442663	1.780991	22.159657	0.246481	-0.000011
2.336000	-1.308880	0.458643	1.834848	21.278971	0.258896	-0.000017
2.337000	-1.309460	0.462438	1.718850	20.808591	0.261338	-0.000008
2.338000	-1.308882	0.476369	1.770075	19.460096	0.271359	-0.000025
2.339000	-1.308661	0.468879	1.729399	19.750445	0.264961	-0.000049
2.340000	-1.300937	0.446553	1.652607	20.299295	0.245796	-0.000024
2.341000	-1.303682	0.451174	1.699612	20.619898	0.250698	-0.000035
2.342000	-1.295231	0.423595	1.648335	21.650917	0.228951	-0.000032
2.343000	-1.297655	0.453234	1.706507	19.813195	0.250756	-0.000051
2.344000	-1.295669	0.441679	1.722636	20.610972	0.242260	-0.000021
2.345000	-1.292786	0.440109	1.649553	19.892613	0.239250	-0.000014
2.346000	-1.287131	0.424496	1.616672	19.875400	0.225731	-0.000023
2.347000	-1.295152	0.452304	1.761194	20.299372	0.251105	-0.000029
2.348000	-1.290057	0.433614	1.642101	19.850863	0.233539	-0.000021
2.349000	-1.282971	0.412311	1.634050	20.951640	0.218063	-0.000005
2.350000	-1.281434	0.407135	1.628477	20.692272	0.213246	0.000006
2.351000	-1.287907	0.432545	1.665982	20.806721	0.234866	-0.000026
2.352000	-1.280938	0.410666	1.559039	20.724523	0.216249	-0.000006
2.353000	-1.276641	0.407348	1.545437	19.837258	0.211516	0.000006
2.354000	-1.279671	0.420004	1.607413	19.468863	0.221159	-0.000013
2.355000	-1.276234	0.408424	1.583477	20.484462	0.213920	-0.000007
2.356000	-1.278074	0.428097	1.586294	17.648748	0.223873	-0.000022
2.357000	-1.278111	0.415754	1.611138	19.815766	0.218462	-0.000014
2.358000	-1.266708	0.381758	1.479000	19.625413	0.190931	0.000002
2.359000	-1.269194	0.400755	1.633295	20.700488	0.208292	-0.000022
2.360000	-1.265998	0.379434	1.562537	20.656233	0.191576	-0.000001
2.361000	-1.263611	0.374953	1.469729	19.883984	0.186436	-0.000004
2.362000	-1.262495	0.384480	1.538194	19.058016	0.191785	0.000009
2.363000	-1.265121	0.396571	1.580684	18.568550	0.200118	-0.000013
2.364000	-1.259849	0.373802	1.554945	19.719492	0.185252	-0.000011
2.365000	-1.258320	0.372875	1.523685	19.740739	0.184629	0.000020
2.366000	-1.257368	0.376848	1.547540	20.149278	0.188571	-0.000005
2.367000	-1.255972	0.378258	1.548028	19.261233	0.187602	-0.000005
2.368000	-1.258271	0.383140	1.608040	19.941840	0.192912	-0.000007
2.369000	-1.250702	0.357826	1.470511	18.898224	0.171760	0.000019
2.370000	-1.247862	0.349272	1.467603	18.643731	0.165141	0.000005
2.371000	-1.249022	0.364603	1.476721	18.572231	0.175938	0.000001
2.372000	-1.250823	0.370293	1.493265	19.145885	0.181466	-0.000009
2.373000	-1.240049	0.341740	1.476154	18.974150	0.160756	0.000031
2.374000	-1.251633	0.382827	1.539714	19.671845	0.192163	-0.000020
2.375000	-1.237000	0.338918	1.348675	17.294231	0.154977	0.000022
2.376000	-1.241290	0.344977	1.422612	18.147940	0.161118	0.000016
2.377000	-1.252563	0.391866	1.475032	18.399092	0.196269	-0.000015
2.378000	-1.245074	0.365661	1.435437	17.982590	0.175468	0.000002
2.379000	-1.235086	0.340655	1.404301	17.523678	0.156758	0.000029
2.380000	-1.238927	0.363595	1.386515	17.028889	0.171780	-0.000022
2.381000	-1.236634	0.354828	1.410049	17.824743	0.167349	-0.000010
2.382000	-1.238800	0.342513	1.393362	17.939632	0.159046	0.000026
2.383000	-1.232286	0.340574	1.388239	17.801798	0.157418	0.000023
2.384000	-1.237885	0.366454	1.453137	17.597393	0.175257	-0.000000
2.385000	-1.235895	0.360040	1.405702	17.713647	0.170885	-0.000005
2.386000	-1.229925	0.333567	1.282432	17.538575	0.152133	-0.000002
2.387000	-1.233956	0.353611	1.357414	17.158821	0.165039	0.000012
2.388000	-1.228675	0.339491	1.375715	16.366057	0.153421	0.000036
2.389000	-1.223249	0.326169	1.328368	17.171557	0.146448	0.000020
2.390000	-1.228332	0.334611	1.331293	18.045313	0.154082	0.000014
2.391000	-1.234948	0.349404	1.409349	17.998520	0.164109	-0.000000
2.392000	-1.218753	0.316284	1.287684	16.197990	0.137873	0.000044
2.393000	-1.225480	0.348430	1.391204	16.878539	0.160847	0.000030
2.394000	-1.224718	0.335354	1.381874	16.997851	0.152201	0.000024
2.395000	-1.221393	0.325182	1.284199	15.948523	0.143045	0.000021
2.396000	-1.216314	0.320156	1.335854	16.221827	0.140457	0.000018
2.397000	-1.213959	0.314829	1.271773	15.545156	0.135506	0.000049
2.398000	-1.208760	0.300952	1.252499	15.771852	0.127506	0.000036
2.399000	-1.214039	0.312670	1.291682	16.678425	0.136836	0.000051
2.400000	-1.207279	0.312898	1.251478	15.432486	0.134075	0.000064
2.401000	-1.212024	0.319951	1.298138	16.071567	0.140052	0.000036
2.402000	-1.210754	0.304851	1.317661	16.456420	0.131536	0.000038
2.403000	-1.206835	0.303223	1.207342	15.315941	0.127886	0.000034
2.404000	-1.210802	0.327648	1.303307	16.429115	0.145923	0.000023
2.405000	-1.201797	0.289486	1.181644	14.268095	0.117312	0.000052
2.406000	-1.199973	0.288255	1.181365	14.811404	0.117892	0.000061
2.407000	-1.207854	0.319839	1.206513	14.812589	0.137116	0.000040
2.408000	-1.198745	0.280854	1.199244	15.161628	0.114533	0.000064
2.409000	-1.208665	0.328946	1.254916	15.523941	0.144726	0.000001
2.410000	-1.196582	0.293409	1.224494	14.084177	0.119236	0.000052
2.411000	-1.196506	0.294947	1.182237	14.294184	0.120650	0.000046
2.412000	-1.195430	0.284570	1.192531	14.965202	0.116230	0.000054
2.413000	-1.201893	0.311271	1.291455	15.991289	0.134572	0.000024
2.414000	-1.196566	0.308568	1.209735	14.596857	0.129625	0.000034
2.415000	-1.194324	0.281035	1.212996	14.448430	0.113056	0.000073
2.416000	-1.194516	0.300887	1.212545	14.497113	0.124737	0.000031
2.417000	-1.190026	0.275072	1.141819	13.541088	0.107626	0.000069
2.418000	-1.193005	0.302438	1.165683	14.129017	0.124832	0.000035
2.419000	-1.190254	0.293641	1.183036	14.005251	0.119310	0.000036
2.420000	-1.183846	0.277341	1.138967	12.785587	0.107134	0.000060
2.421000	-1.184605	0.273935	1.191140	14.122473	0.108429	0.000059
2.422000	-1.185100	0.278702	1.187426	14.362821	0.111646	0.000053
2.423000	-1.182858	0.276779	1.139449	13.071421	0.107537	0.000054
2.424000	-1.189347	0.298712	1.151490	14.001480	0.122373	0.000035
2.425000	-1.181849	0.272350	1.109725	13.748595	0.106733	0.000054
2.426000	-1.184861	0.288778	1.195392	14.623862	0.118039	0.000057
2.427000	-1.181177	0.275350	1.163187	14.000156	0.109000	0.000058
2.428000	-1.177882	0.265497	1.042812	13.117633	0.101592	0.000068
2.429000	-1.176645	0.254437	1.111485	13.217991	0.096092	0.000069
2.430000	-1.174646	0.276943	1.092691	12.464997	0.106278	0.000044
2.431000	-1.173273	0.260031	1.090833	12.483234	0.097251	0.000079
2.432000	-1.176056	0.267121	1.144927	12.920286	0.102040	0.000074
2.433000	-1.172991	0.263255	1.119116	12.694606	0.099466	0.000074
2.434000	-1.173437	0.263058	1.127210	13.037693	0.100190	0.000073
2.435000	-1.170906	0.261380	1.123260	12.989689	0.099208	0.000060
2.436000	-1.173970	0.269310	1.108280	12.990387	0.103431	0.000066
2.437000	-1.170314	0.253336	1.118820	12.479919	0.093880	0.000076
2.438000	-1.164369	0.251605	1.087197	12.170002	0.092280	0.000077
2.439000	-1.167559	0.259106	1.043485	12.119654	0.096003	0.000058
2.440000	-1.165666	0.266209	1.088383	12.462385	0.100563	0.000074
2.441000	-1.165166	0.254214	1.130117	12.756448	0.095033	0.000074
2.442000	-1.160159	0.241863	1.033244	11.904930	0.086888	0.000075
2.443000	-1.164002	0.250836	1.032353	11.921620	0.091361	0.000079
2.444000	-1.161481	0.253298	1.032062	11.634296	0.091928	0.000078
2.445000	-1.165098	0.263362	1.071880	11.850847	0.097656	0.000079
2.446000	-1.156689	0.238885	0.959710	10.497533	0.082141	0.000096
2.447000	-1.160101	0.253588	1.075845	11.990754	0.092961	0.000082
2.448000	-1.151994	0.241526	1.013436	11.229172	0.085180	0.000072
2.449000	-1.154664	0.246800	1.049157	11.527011	0.088478	0.000105
2.450000	-1.154293	0.231573	1.013492	10.528977	0.078818	0.000098
2.451000	-1.155187	0.251194	1.014760	11.041926	0.089528	0.000062
2.452000	-1.150347	0.225007	0.922868	9.942098	0.074435	0.000102
2.453000	-1.154052	0.252802	1.085862	12.175747	0.093076	0.000085
2.454000	-1.152530	0.236373	1.012585	11.332071	0.083030	0.000098
2.455000	-1.158281	0.271679	1.079376	12.881447	0.104692	0.000063
2.456000	-1.147307	0.244391	0.988043	10.622224	0.085204	0.000101
2.457000	-1.145206	0.229293	1.001468	10.801321	0.078492	0.000106
2.458000	-1.150515	0.245759	1.055622	11.390745	0.087740	0.000073
2.459000	-1.146739	0.238705	1.058045	11.461180	0.084503	0.000085
2.460000	-1.143734	0.234518	1.019221	10.683514	0.080664	0.000093
2.461000	-1.140432	0.219457	0.959048	10.174481	0.072614	0.000104
2.462000	-1.141387	0.222032	0.968256	10.630185	0.074857	0.000098
2.463000	-1.146898	0.248133	0.984908	10.670092	0.087234	0.000086
2.464000	-1.140696	0.232957	1.010138	10.451047	0.079417	0.000098
2.465000	-1.141270	0.237779	1.015428	10.760827	0.082443	0.000099
2.466000	-1.141668	0.238595	1.008058	10.590349	0.082431	0.000105
2.467000	-1.136518	0.224146	0.946561	10.231896	0.074892	0.000109
2.468000	-1.137433	0.226869	0.961935	10.405210	0.076548	0.000095
2.469000	-1.138134	0.233851	1.034191	11.150047	0.081571	0.000088
2.470000	-1.136698	0.218734	0.984510	9.901120	0.071727	0.000103
2.471000	-1.136841	0.231220	0.993636	11.017531	0.080049	0.000095
2.472000	-1.132686	0.219823	0.935782	9.980625	0.072416	0.000103
2.473000	-1.131611	0.218538	0.925598	9.207245	0.069995	0.000111
2.474000	-1.130002	0.213937	0.990586	9.707905	0.069223	0.000103
2.475000	-1.123472	0.195715	0.892089	8.137242	0.057972	0.000123
2.476000	-1.129641	0.227292	0.980352	10.058198	0.075982	0.000103
2.477000	-1.122426	0.209115	0.909888	8.488208	0.064262	0.000102
2.478000	-1.129238	0.203315	0.907980	9.228223	0.063669	0.000113
2.479000	-1.120825	0.210146	0.920078	9.027650	0.066016	0.000096
2.480000	-1.127295	0.215716	0.892906	9.022561	0.068385	0.000102
2.481000	-1.124554	0.221617	0.970619	9.810143	0.072882	0.000096
2.482000	-1.125714	0.223630	0.977672	9.827898	0.073832	0.000103
2.483000	-1.121747	0.217127	0.930811	8.931808	0.068802	0.000115
2.484000	-1.123578	0.225325	0.943431	9.640671	0.074158	0.000101
2.485000	-1.122888	0.206523	0.945884	9.096088	0.064726	0.000103
2.486000	-1.120263	0.217341	0.917433	9.595297	0.070532	0.000106
2.487000	-1.120179	0.223300	0.959687	9.824040	0.073722	0.000106
2.488000	-1.114028	0.194665	0.841614	7.841613	0.056947	0.000115
2.489000	-1.118485	0.212029	0.941194	8.984902	0.066796	0.000099
2.490000	-1.115569	0.196048	0.873476	8.213090	0.058406	0.000115
2.491000	-1.114428	0.200328	0.898600	8.365130	0.060480	0.000130
2.492000	-1.111018	0.199633	0.865369	7.705285	0.058605	0.000141
2.493000	-1.114595	0.207262	0.929267	8.578941	0.063844	0.000110
2.494000	-1.114485	0.213575	0.898516	8.930646	0.067365	0.000129
2.495000	-1.110853	0.193013	0.860767	8.070960	0.056919	0.000121
2.496000	-1.108228	0.195183	0.877680	8.153037	0.057970	0.000118
2.497000	-1.106679	0.197234	0.873538	7.702146	0.057683	0.000113
2.498000	-1.108159	0.213326	0.883576	8.212198	0.065541	0.000122
2.499000	-1.104863	0.197972	0.839805	7.725495	0.058047	0.000118
2.500000	-1.109516	0.202962	0.890599	8.189258	0.061187	0.000105
2.501000	-1.110780	0.216640	0.905636	8.758421	0.068324	0.000122
2.502000	-1.105025	0.199587	0.864160	8.589785	0.060823	0.000140
2.503000	-1.105097	0.200813	0.875841	8.119290	0.060172	0.000112
2.504000	-1.100564	0.189530	0.904660	7.600804	0.054508	0.000129
2.505000	-1.100344	0.196895	0.903109	8.034873	0.058423	0.000134
2.506000	-1.101095	0.202459	0.871346	8.016666	0.060608	0.000122
2.507000	-1.098823	0.183601	0.875757	7.527562	0.052139	0.000122
2.508000	-1.098093	0.193459	0.849121	7.333566	0.055388	0.000123
2.509000	-1.096661	0.192802	0.834916	6.918317	0.054124	0.000124
2.510000	-1.101196	0.193964	0.848121	8.240659	0.057821	0.000110
2.511000	-1.097029	0.197298	0.843710	7.670029	0.057734	0.000135
2.512000	-1.096992	0.192353	0.861695	7.703686	0.055898	0.000121
2.513000	-1.100371	0.211118	0.886663	8.743859	0.066029	0.000110
2.514000	-1.091851	0.189930	0.835315	7.323526	0.054053	0.000139
2.515000	-1.093963	0.197732	0.871602	7.989776	0.058721	0.000117
2.516000	-1.095491	0.196527	0.833773	7.804064	0.057798	0.000108
2.517000	-1.091419	0.185669	0.849401	7.257212	0.052311	0.000117
2.518000	-1.093398	0.190040	0.818250	6.988915	0.053301	0.000142
2.519000	-1.092067	0.190583	0.824758	7.466873	0.054690	0.000128
2.520000	-1.090965	0.200765	0.833566	7.836129	0.059591	0.000114
2.521000	-1.087229	0.186315	0.843460	6.881096	0.051654	0.000116
2.522000	-1.086818	0.186568	0.847795	7.291396	0.052766	0.000129
2.523000	-1.087496	0.189733	0.834460	7.574903	0.054662	0.000127
2.524000	-1.084232	0.186254	0.837059	7.264978	0.052598	0.000135
2.525000	-1.086795	0.184403	0.824164	6.988550	0.051237	0.000127
2.526000	-1.083531	0.182821	0.831057	6.782146	0.050154	0.000133
2.527000	-1.085360	0.190754	0.838917	7.300542	0.054403	0.000134
2.528000	-1.082246	0.177423	0.808269	6.454122	0.047413	0.000129
2.529000	-1.083691	0.189416	0.831682	7.310047	0.053932	0.000139
2.530000	-1.082360	0.184281	0.834412	6.901965	0.051012	0.000132
2.531000	-1.083739	0.192276	0.818755	6.862824	0.053933	0.000131
2.532000	-1.083246	0.185057	0.817028	7.157000	0.051943	0.000118
2.533000	-1.077366	0.180205	0.790765	6.909725	0.049566	0.000136
2.534000	-1.078269	0.185865	0.813201	6.811783	0.051402	0.000126
2.535000	-1.076356	0.171291	0.788578	6.302352	0.044943	0.000128
2.536000	-1.075057	0.174360	0.794765	6.582999	0.046705	0.000133
2.537000	-1.076253	0.179997	0.818999	6.183204	0.047718	0.000130
2.538000	-1.072182	0.166874	0.794174	6.139752	0.043064	0.000126
2.539000	-1.074884	0.182705	0.813521	6.844425	0.050352	0.000130
2.540000	-1.073743	0.177576	0.801758	6.429899	0.047482	0.000135
2.541000	-1.073599	0.180150	0.809273	6.650171	0.048956	0.000127
2.542000	-1.070080	0.177186	0.774996	6.318076	0.047079	0.000140
2.543000	-1.069701	0.171922	0.784694	6.026177	0.044523	0.000137
2.544000	-1.070853	0.170706	0.796898	6.129991	0.044370	0.000145
2.545000	-1.068754	0.168329	0.793598	5.936277	0.043089	0.000138
2.546000	-1.070048	0.179824	0.812355	6.407878	0.048269	0.000130
2.547000	-1.070237	0.179219	0.803713	6.610628	0.048562	0.000130
2.548000	-1.067454	0.174081	0.778373	6.389364	0.046203	0.000136
2.549000	-1.067498	0.183276	0.771806	6.873616	0.050700	0.000139
2.550000	-1.063792	0.166623	0.757572	5.791395	0.042185	0.000123
2.551000	-1.060989	0.166633	0.779566	5.750955	0.042093	0.000142
2.552000	-1.063621	0.167130	0.780193	5.859495	0.042535	0.000135
2.553000	-1.064910	0.174923	0.766551	6.109161	0.045829	0.000133
2.554000	-1.061934	0.165799	0.764585	5.887778	0.042174	0.000151
2.555000	-1.059618	0.170222	0.779703	5.739498	0.043296	0.000144
2.556000	-1.061714	0.174345	0.791593	6.030527	0.045449	0.000149
2.557000	-1.059452	0.166539	0.759166	5.997819	0.042712	0.000146
2.558000	-1.060279	0.166760	0.757797	5.809791	0.042322	0.000143
2.559000	-1.058817	0.169982	0.795781	6.049110	0.044011	0.000139
2.560000	-1.058325	0.162382	0.753409	5.550280	0.040244	0.000134
2.561000	-1.059020	0.171176	0.752020	6.341898	0.045162	0.000122
2.562000	-1.055341	0.162322	0.758937	5.689882	0.040584	0.000152
2.563000	-1.055693	0.166844	0.771538	5.875127	0.042542	0.000124
2.564000	-1.053508	0.171965	0.777218	5.982633	0.044552	0.000143
2.565000	-1.054120	0.157456	0.741557	5.296526	0.038060	0.000140
2.566000	-1.053255	0.165964	0.749441	6.002106	0.042585	0.000151
2.567000	-1.051452	0.153571	0.775270	5.297074	0.036863	0.000152
2.568000	-1.053018	0.168672	0.761854	5.897328	0.043240	0.000133
2.569000	-1.050245	0.165933	0.742583	5.716586	0.041876	0.000147
2.570000	-1.049120	0.157314	0.756650	5.543903	0.038662	0.000146
2.571000	-1.047119	0.159905	0.731106	5.292094	0.038857	0.000154
2.572000	-1.051559	0.166336	0.746369	5.491010	0.041460	0.000150
2.573000	-1.045860	0.155979	0.731026	5.335612	0.037736	0.000135
2.574000	-1.047913	0.161277	0.714964	5.140258	0.038931	0.000145
2.575000	-1.047699	0.165512	0.761160	5.777025	0.041922	0.000137
2.576000	-1.045769	0.158935	0.725368	5.325847	0.038658	0.000140
2.577000	-1.047141	0.165852	0.749241	5.479246	0.041296	0.000150
2.578000	-1.043834	0.157110	0.754934	5.308860	0.038049	0.000151
2.579000	-1.044333	0.162011	0.726946	5.643473	0.040461	0.000135
2.580000	-1.044782	0.159367	0.724975	5.487185	0.039223	0.000144
2.581000	-1.041933	0.158504	0.722456	5.216296	0.038271	0.000158
2.582000	-1.044267	0.155692	0.741652	5.001529	0.036851	0.000144
2.583000	-1.042218	0.152583	0.743762	4.970520	0.035820	0.000142
2.584000	-1.037986	0.155853	0.715159	5.236704	0.037505	0.000136
2.585000	-1.040821	0.155202	0.701904	4.952093	0.036589	0.000144
2.586000	-1.038115	0.151850	0.734147	4.803506	0.035189	0.000133
2.587000	-1.038468	0.159100	0.706886	5.292037	0.038682	0.000150
2.588000	-1.035721	0.156721	0.710057	4.968536	0.037119	0.000147
2.589000	-1.036966	0.158936	0.720723	5.220002	0.038459	0.000147
2.590000	-1.033060	0.149005	0.724179	4.635231	0.033926	0.000145
2.591000	-1.032734	0.151071	0.720564	4.947658	0.035341	0.000144
2.592000	-1.033877	0.152274	0.719894	5.096941	0.036089	0.000127
2.593000	-1.032517	0.148120	0.690267	4.608431	0.033609	0.000151
2.594000	-1.032323	0.152001	0.721872	4.995102	0.035758	0.000140
2.595000	-1.032598	0.157063	0.727712	4.991756	0.037319	0.000139
2.596000	-1.032502	0.154254	0.749184	5.225620	0.037042	0.000143
2.597000	-1.030168	0.155774	0.721532	5.178644	0.037399	0.000141
2.598000	-1.030137	0.148495	0.698606	4.738419	0.034073	0.000142
2.599000	-1.028891	0.145012	0.684781	4.552816	0.032584	0.000147
2.600000	-1.029802	0.150204	0.698548	5.022422	0.035314	0.000144
2.601000	-1.027650	0.147235	0.695751	4.698610	0.033613	0.000150
2.602000	-1.028507	0.154576	0.723042	4.978267	0.036544	0.000150
2.603000	-1.025747	0.143874	0.683888	4.381438	0.031837	0.000148
2.604000	-1.026529	0.142711	0.690450	4.498869	0.031807	0.000151
2.605000	-1.026454	0.144633	0.690211	4.601118	0.032624	0.000145
2.606000	-1.023354	0.148036	0.719492	4.772376	0.034060	0.000139
2.607000	-1.022912	0.148474	0.718887	4.759482	0.034162	0.000138
2.608000	-1.025745	0.151601	0.704731	4.750752	0.035082	0.000155
2.609000	-1.022825	0.146857	0.729151	4.600946	0.033289	0.000155
2.610000	-1.022697	0.148203	0.715403	4.810308	0.034225	0.000152
2.611000	-1.019950	0.144425	0.718489	4.433818	0.032164	0.000152
2.612000	-1.022171	0.149332	0.675949	4.602344	0.034040	0.000143
2.613000	-1.017731	0.147569	0.684207	4.421002	0.033058	0.000154
2.614000	-1.017025	0.143406	0.706274	4.288253	0.031512	0.000150
2.615000	-1.017339	0.145282	0.682334	4.374985	0.032279	0.000156
2.616000	-1.015120	0.138790	0.659489	4.000170	0.029482	0.000160
2.617000	-1.015940	0.145641	0.704909	4.643294	0.033078	0.000137
2.618000	-1.014457	0.147680	0.668614	4.390350	0.033034	0.000147
2.619000	-1.015581	0.143421	0.671369	4.365949	0.031736	0.000165
2.620000	-1.013512	0.139176	0.682688	3.989830	0.029578	0.000163
2.621000	-1.016096	0.148737	0.686816	4.675180	0.034089	0.000155
2.622000	-1.013537	0.145190	0.670618	4.486785	0.032569	0.000137
2.623000	-1.013089	0.142715	0.694144	4.223304	0.031186	0.000159
2.624000	-1.013739	0.143781	0.666273	4.512836	0.032237	0.000145
2.625000	-1.009598	0.138673	0.675692	4.028464	0.029557	0.000147
2.626000	-1.010483	0.145960	0.686787	4.621235	0.033155	0.000141
2.627000	-1.007329	0.138778	0.653408	3.964711	0.029430	0.000152
2.628000	-1.011282	0.142512	0.656246	4.191990	0.031068	0.000159
2.629000	-1.007750	0.143151	0.672734	4.071100	0.030944	0.000148
2.630000	-1.008703	0.143767	0.651087	4.321489	0.031768	0.000162
2.631000	-1.007416	0.142603	0.653410	4.449351	0.031768	0.000159
2.632000	-1.006877	0.143156	0.682175	4.452834	0.031939	0.000143
2.633000	-1.004689	0.136694	0.677771	4.047989	0.029094	0.000166
2.634000	-1.005600	0.140448	0.658203	3.984626	0.029975	0.000154
2.635000	-1.002223	0.136925	0.664714	3.818706	0.028575	0.000156
2.636000	-1.003703	0.142237	0.649489	4.130139	0.030863	0.000159
2.637000	-1.005045	0.138773	0.653505	4.057158	0.029706	0.000169
2.638000	-1.001890	0.133177	0.661932	3.823308	0.027586	0.000156
2.639000	-1.001362	0.135737	0.660105	3.933908	0.028563	0.000152
2.640000	-1.000457	0.137192	0.666163	4.087053	0.029359	0.000149
2.641000	-0.998929	0.137748	0.661614	3.983209	0.029248	0.000151
2.642000	-0.998578	0.129389	0.653463	3.582717	0.025985	0.000164
2.643000	-1.000682	0.139011	0.676166	4.105929	0.029922	0.000158
2.644000	-0.999312	0.137809	0.679670	4.026915	0.029389	0.000159
2.645000	-0.995891	0.138956	0.654113	4.290409	0.030391	0.000165
2.646000	-0.998411	0.137370	0.676237	3.999062	0.029204	0.000137
2.647000	-0.995985	0.138950	0.648093	4.033037	0.029732	0.000154
2.648000	-0.995811	0.136706	0.631688	3.833851	0.028603	0.000158
2.649000	-0.995880	0.135591	0.651148	3.947602	0.028597	0.000154
2.650000	-0.993911	0.135479	0.622289	3.695139	0.027917	0.000161
2.651000	-0.994698	0.134274	0.665134	3.846792	0.027988	0.000147
2.652000	-0.994121	0.137927	0.665548	3.882650	0.029079	0.000158
2.653000	-0.993797	0.134991	0.626845	3.903116	0.028335	0.000160
2.654000	-0.993663	0.137762	0.632701	3.850306	0.028958	0.000154
2.655000	-0.991753	0.136459	0.633427	3.915837	0.028774	0.000161
2.656000	-0.989596	0.130012	0.633597	3.476348	0.025920	0.000163
2.657000	-0.991301	0.142154	0.647857	4.036516	0.030682	0.000151
2.658000	-0.991848	0.134883	0.645115	3.844910	0.028174	0.000154
2.659000	-0.987629	0.127679	0.624442	3.567344	0.025565	0.000147
2.660000	-0.987134	0.130062	0.627473	3.517463	0.026053	0.000175
2.661000	-0.987554	0.132331	0.637589	3.707753	0.027147	0.000154
2.662000	-0.986610	0.136172	0.646851	3.627799	0.027974	0.000171
2.663000	-0.986641	0.136779	0.632337	3.896228	0.028841	0.000158
2.664000	-0.987038	0.132409	0.622650	3.497728	0.026632	0.000158
2.665000	-0.983251	0.128165	0.618900	3.451884	0.025410	0.000153
2.666000	-0.986702	0.134665	0.638237	3.651951	0.027643	0.000163
2.667000	-0.983661	0.128344	0.610022	3.418933	0.025377	0.000154
2.668000	-0.982616	0.127795	0.616835	3.434339	0.025280	0.000145
2.669000	-0.983501	0.127685	0.628595	3.366652	0.025078	0.000160
2.670000	-0.984058	0.131175	0.629360	3.578861	0.026538	0.000152
2.671000	-0.979393	0.125747	0.618095	3.335148	0.024512	0.000154
2.672000	-0.980395	0.132893	0.629330	3.722263	0.027373	0.000161
2.673000	-0.979952	0.125818	0.601517	3.413185	0.024740	0.000164
2.674000	-0.980655	0.132424	0.645997	3.682744	0.027153	0.000155
2.675000	-0.979087	0.126208	0.626088	3.473145	0.025001	0.000156
2.676000	-0.976845	0.128138	0.619197	3.480078	0.025514	0.000158
2.677000	-0.978011	0.129990	0.618784	3.488572	0.026018	0.000154
2.678000	-0.976420	0.127024	0.619580	3.423537	0.025088	0.000148
2.679000	-0.977726	0.129210	0.630806	3.548179	0.025978	0.000160
2.680000	-0.977795	0.130336	0.611683	3.510126	0.026174	0.000158
2.681000	-0.973826	0.127544	0.627227	3.441930	0.025279	0.000162
2.682000	-0.974692	0.127755	0.624184	3.343279	0.025078	0.000157
2.683000	-0.973641	0.127401	0.613959	3.359803	0.025034	0.000161
2.684000	-0.974813	0.126945	0.622551	3.358312	0.024917	0.000161
2.685000	-0.973436	0.125435	0.625183	3.350410	0.024519	0.000155
2.686000	-0.970819	0.127686	0.639563	3.364093	0.025128	0.000163
2.687000	-0.973376	0.125756	0.606407	3.334720	0.024565	0.000157
2.688000	-0.969745	0.127760	0.601403	3.360505	0.025144	0.000148
2.689000	-0.970420	0.128001	0.610608	3.472320	0.025503	0.000148
2.690000	-0.970259	0.128669	0.621714	3.381660	0.025439	0.000161
2.691000	-0.968923	0.122737	0.583900	3.301860	0.023741	0.000157
2.692000	-0.970704	0.127409	0.590530	3.211052	0.024675	0.000173
2.693000	-0.969607	0.125939	0.598208	3.364529	0.024709	0.000145
2.694000	-0.966301	0.124852	0.608009	3.165080	0.023915	0.000158
2.695000	-0.967055	0.124527	0.604579	3.302325	0.024198	0.000151
2.696000	-0.965527	0.124057	0.608034	3.215060	0.023855	0.000164
2.697000	-0.966080	0.121240	0.603783	3.076369	0.022802	0.000147
2.698000	-0.964141	0.123985	0.598725	3.283968	0.024025	0.000154
2.699000	-0.965626	0.126326	0.597567	3.330109	0.024736	0.000154
2.700000	-0.964255	0.122453	0.591600	3.056952	0.023055	0.000160
2.701000	-0.962927	0.121392	0.591644	3.048963	0.022778	0.000162
2.702000	-0.963146	0.123304	0.607770	3.051683	0.023256	0.000174
2.703000	-0.960443	0.121233	0.592240	2.921894	0.022410	0.000168
2.704000	-0.960995	0.122611	0.595179	3.207009	0.023502	0.000141
2.705000	-0.962240	0.123526	0.604463	3.130727	0.023529	0.000157
2.706000	-0.961195	0.122039	0.589190	3.127406	0.023158	0.000158
2.707000	-0.959955	0.123181	0.609773	3.246980	0.023757	0.000151
2.708000	-0.959659	0.121899	0.587019	3.011376	0.022823	0.000162
2.709000	-0.957982	0.120573	0.602506	3.022732	0.022535	0.000154
2.710000	-0.958387	0.120511	0.587284	3.066216	0.022638	0.000154
2.711000	-0.956296	0.122732	0.596528	3.031832	0.023090	0.000160
2.712000	-0.957837	0.122517	0.569972	3.071746	0.023146	0.000153
2.713000	-0.956713	0.117068	0.589760	2.959837	0.021547	0.000158
2.714000	-0.955465	0.118243	0.580365	2.841914	0.021514	0.000159
2.715000	-0.953716	0.119882	0.579635	2.974756	0.022259	0.000154
2.716000	-0.955857	0.116072	0.584718	2.871048	0.021088	0.000155
2.717000	-0.954519	0.120815	0.588166	2.978631	0.022500	0.000162
2.718000	-0.954806	0.119144	0.585452	2.958759	0.022049	0.000154
2.719000	-0.954190	0.117723	0.576669	2.809916	0.021320	0.000166
2.720000	-0.952580	0.119043	0.588018	2.987495	0.022107	0.000157
2.721000	-0.952031	0.118965	0.579401	2.882486	0.021812	0.000164
2.722000	-0.951786	0.120027	0.575018	2.921199	0.022172	0.000166
2.723000	-0.951232	0.117524	0.588442	3.066626	0.021967	0.000160
2.724000	-0.948819	0.116806	0.560480	2.832175	0.021178	0.000156
2.725000	-0.950044	0.119455	0.563276	2.914752	0.022026	0.000165
2.726000	-0.948785	0.118844	0.570092	2.794356	0.021563	0.000164
2.727000	-0.948171	0.117922	0.579477	2.992917	0.021876	0.000162
2.728000	-0.947501	0.119235	0.567855	2.817887	0.021724	0.000163
2.729000	-0.947542	0.119624	0.558328	2.892416	0.022018	0.000164
2.730000	-0.946937	0.121185	0.547491	2.972185	0.022610	0.000157
2.731000	-0.945663	0.120854	0.578608	2.940559	0.022448	0.000148
2.732000	-0.944271	0.116792	0.558992	2.918358	0.021427	0.000150
2.733000	-0.947022	0.114320	0.577534	2.673544	0.020205	0.000165
2.734000	-0.944115	0.113579	0.557085	2.711836	0.020141	0.000160
2.735000	-0.944654	0.120728	0.571044	2.965802	0.022497	0.000153
2.736000	-0.942687	0.119265	0.570356	2.947100	0.022098	0.000165
2.737000	-0.941373	0.113914	0.577625	2.650739	0.020061	0.000162
2.738000	-0.941312	0.118662	0.560563	2.873019	0.021763	0.000149
2.739000	-0.941881	0.114883	0.572689	2.761979	0.020586	0.000158
2.740000	-0.942933	0.120204	0.573231	3.016146	0.022520	0.000161
2.741000	-0.938364	0.113907	0.569962	2.662855	0.020103	0.000160
2.742000	-0.938967	0.114440	0.549166	2.609708	0.020085	0.000170
2.743000	-0.939886	0.116240	0.559421	2.709524	0.020770	0.000177
2.744000	-0.938159	0.113923	0.559920	2.717219	0.020260	0.000161
2.745000	-0.938687	0.117024	0.584164	2.951932	0.021608	0.000158
2.746000	-0.937299	0.116142	0.567983	2.744006	0.020847	0.000159
2.747000	-0.936177	0.116023	0.550695	2.631740	0.020521	0.000154
2.748000	-0.934179	0.112827	0.556021	2.637223	0.019807	0.000158
2.749000	-0.936289	0.114254	0.553469	2.708819	0.020326	0.000156
2.750000	-0.934549	0.114179	0.541011	2.633914	0.020110	0.000157
2.751000	-0.933915	0.111416	0.548703	2.609690	0.019424	0.000142
2.752000	-0.933919	0.111928	0.543615	2.542820	0.019362	0.000148
2.753000	-0.933926	0.114947	0.536419	2.678675	0.020414	0.000161
2.754000	-0.931875	0.111707	0.544187	2.588871	0.019441	0.000150
2.755000	-0.932358	0.114045	0.547640	2.629082	0.020080	0.000154
2.756000	-0.930449	0.113863	0.545437	2.733789	0.020322	0.000150
2.757000	-0.930153	0.112840	0.534429	2.598744	0.019730	0.000154
2.758000	-0.929927	0.111495	0.552290	2.511641	0.019196	0.000157
2.759000	-0.930528	0.115102	0.563321	2.698872	0.020520	0.000153
2.760000	-0.928577	0.111548	0.539650	2.490442	0.019155	0.000159
2.761000	-0.929232	0.110395	0.547943	2.463190	0.018829	0.000167
2.762000	-0.927705	0.114464	0.550540	2.576459	0.020051	0.000164
2.763000	-0.928751	0.112976	0.533974	2.511707	0.019541	0.000155
2.764000	-0.927094	0.112397	0.540847	2.578417	0.019593	0.000157
2.765000	-0.926086	0.112769	0.539441	2.545601	0.019591	0.000162
2.766000	-0.925295	0.111261	0.532344	2.601651	0.019407	0.000159
2.767000	-0.926033	0.109624	0.548132	2.563909	0.018946	0.000160
2.768000	-0.928090	0.112230	0.550591	2.481983	0.019305	0.000171
2.769000	-0.923106	0.109600	0.538336	2.540674	0.018882	0.000149
2.770000	-0.922123	0.109667	0.514997	2.490636	0.018764	0.000152
2.771000	-0.925373	0.108299	0.538683	2.362002	0.018120	0.000165
2.772000	-0.921339	0.113383	0.520216	2.697841	0.020159	0.000154
2.773000	-0.922704	0.108497	0.508245	2.443713	0.018389	0.000147
2.774000	-0.921273	0.109283	0.536764	2.479936	0.018661	0.000157
2.775000	-0.919799	0.109884	0.546622	2.480450	0.018796	0.000157
2.776000	-0.920902	0.112513	0.535034	2.529407	0.019516	0.000155
2.777000	-0.920761	0.110801	0.548742	2.559297	0.019217	0.000150
2.778000	-0.920927	0.110391	0.547861	2.548297	0.019099	0.000152
2.779000	-0.919225	0.106811	0.536143	2.315100	0.017691	0.000158
2.780000	-0.920627	0.109534	0.519293	2.430394	0.018596	0.000159
2.781000	-0.915857	0.106808	0.521817	2.420592	0.017982	0.000148
2.782000	-0.918783	0.110953	0.527816	2.469036	0.019018	0.000166
2.783000	-0.916247	0.110145	0.519184	2.397963	0.018649	0.000165
2.784000	-0.917167	0.105406	0.538924	2.264648	0.017267	0.000153
2.785000	-0.915916	0.106408	0.526924	2.309449	0.017604	0.000154
2.786000	-0.913041	0.108058	0.517891	2.279032	0.017877	0.000161
2.787000	-0.914977	0.109691	0.538862	2.435318	0.018660	0.000169
2.788000	-0.914079	0.107530	0.522631	2.327995	0.017901	0.000167
2.789000	-0.913186	0.108538	0.522384	2.335970	0.018143	0.000162
2.790000	-0.913065	0.105279	0.528150	2.241804	0.017192	0.000143
2.791000	-0.912713	0.107857	0.524446	2.325423	0.017971	0.000159
2.792000	-0.912090	0.107150	0.511739	2.293184	0.017734	0.000167
2.793000	-0.911389	0.107217	0.519936	2.330112	0.017851	0.000163
2.794000	-0.911262	0.106047	0.526567	2.275135	0.017454	0.000148
2.795000	-0.911844	0.109283	0.516154	2.477136	0.018704	0.000162
2.796000	-0.911399	0.105798	0.509686	2.189513	0.017172	0.000156
2.797000	-0.908763	0.105491	0.508574	2.352534	0.017554	0.000158
2.798000	-0.909254	0.107630	0.518298	2.419696	0.018196	0.000153
2.799000	-0.908382	0.105025	0.527880	2.240002	0.017153	0.000152
2.800000	-0.909712	0.108904	0.521093	2.374300	0.018352	0.000157
2.801000	-0.909022	0.107089	0.512771	2.345426	0.017884	0.000155
2.802000	-0.905637	0.107928	0.525283	2.291639	0.017919	0.000163
2.803000	-0.905802	0.103945	0.526281	2.226737	0.016900	0.000157
2.804000	-0.907836	0.107259	0.503800	2.303370	0.017812	0.000154
2.805000	-0.905595	0.103275	0.528550	2.152795	0.016563	0.000157
2.806000	-0.905017	0.106242	0.512401	2.282903	0.017543	0.000147
2.807000	-0.906514	0.104716	0.511673	2.158613	0.016883	0.000160
2.808000	-0.904696	0.105872	0.502380	2.257370	0.017399	0.000164
2.809000	-0.903750	0.104987	0.522610	2.268860	0.017246	0.000152
2.810000	-0.902119	0.104567	0.505038	2.143625	0.016817	0.000159
2.811000	-0.902448	0.101190	0.506014	2.114640	0.016044	0.000152
2.812000	-0.903464	0.106524	0.522918	2.285575	0.017624	0.000165
2.813000	-0.901293	0.102862	0.500729	2.222150	0.016685	0.000148
2.814000	-0.900044	0.105057	0.503501	2.143978	0.016929	0.000164
2.815000	-0.899813	0.102267	0.501519	2.131074	0.016317	0.000156
2.816000	-0.902113	0.104614	0.509983	2.151256	0.016860	0.000159
2.817000	-0.899640	0.108432	0.514736	2.406749	0.018378	0.000155
2.818000	-0.899139	0.104060	0.506004	2.268793	0.017072	0.000154
2.819000	-0.899406	0.102539	0.516089	2.092030	0.016274	0.000162
2.820000	-0.898095	0.102988	0.496430	2.149511	0.016526	0.000159
2.821000	-0.896681	0.101743	0.516879	2.112205	0.016170	0.000150
2.822000	-0.897082	0.106780	0.490663	2.187612	0.017431	0.000154
2.823000	-0.897305	0.104182	0.499088	2.181712	0.016869	0.000158
2.824000	-0.894975	0.103771	0.504753	2.117661	0.016608	0.000153
2.825000	-0.897608	0.104069	0.506935	2.179263	0.016842	0.000159
2.826000	-0.893932	0.104416	0.491250	2.139254	0.016807	0.000161
2.827000	-0.893678	0.102711	0.498658	2.159620	0.016512	0.000142
2.828000	-0.893971	0.103784	0.500981	2.125390	0.016641	0.000156
2.829000	-0.894132	0.104439	0.490701	2.264386	0.017163	0.000155
2.830000	-0.892817	0.101581	0.494862	2.075471	0.016055	0.000157
2.831000	-0.892391	0.101423	0.496739	2.034951	0.015913	0.000153
2.832000	-0.893916	0.101355	0.490698	2.139090	0.016189	0.000149
2.833000	-0.891275	0.100821	0.503072	2.021563	0.015758	0.000153
2.834000	-0.890136	0.100863	0.485500	1.990166	0.015681	0.000160
2.835000	-0.892176	0.099128	0.490605	2.013870	0.015402	0.000156
2.836000	-0.888909	0.101082	0.503790	2.065671	0.015938	0.000154
2.837000	-0.889899	0.101971	0.496967	2.105869	0.016232	0.000159
2.838000	-0.889154	0.098843	0.501327	2.055449	0.015467	0.000146
2.839000	-0.887446	0.101596	0.494803	2.104919	0.016158	0.000160
2.840000	-0.887174	0.101331	0.484364	2.059329	0.015979	0.000158
2.841000	-0.888317	0.099556	0.493917	2.000302	0.015461	0.000146
2.842000	-0.888548	0.102979	0.484462	2.147141	0.016564	0.000163
2.843000	-0.886544	0.098847	0.489794	1.995835	0.015312	0.000146
2.844000	-0.884991	0.099974	0.474713	2.010180	0.015578	0.000159
2.845000	-0.885768	0.099920	0.482003	1.982169	0.015491	0.000156
2.846000	-0.884792	0.101655	0.480549	2.015243	0.015935	0.000163
2.847000	-0.885112	0.100522	0.487037	2.063764	0.015843	0.000156
2.848000	-0.884259	0.098867	0.477459	2.032279	0.015427	0.000158
2.849000	-0.884561	0.097404	0.474942	1.958781	0.014937	0.000146
2.850000	-0.883584	0.099886	0.470754	2.059013	0.015708	0.000137
2.851000	-0.881986	0.096653	0.488228	1.840631	0.014466	0.000164
2.852000	-0.882963	0.098697	0.479580	1.947290	0.015165	0.000152
2.853000	-0.882652	0.100354	0.472313	1.987091	0.015607	0.000154
2.854000	-0.880323	0.100821	0.493705	2.044296	0.015863	0.000154
2.855000	-0.881879	0.100366	0.486115	1.986570	0.015612	0.000152
2.856000	-0.879794	0.096845	0.466310	1.885421	0.014638	0.000154
2.857000	-0.879138	0.098425	0.477154	1.910962	0.015019	0.000159
2.858000	-0.880821	0.100532	0.486373	2.022540	0.015752	0.000159
2.859000	-0.879084	0.102235	0.474590	2.090812	0.016289	0.000155
2.860000	-0.876589	0.096599	0.471250	1.831705	0.014447	0.000152
2.861000	-0.877309	0.099544	0.476682	1.972799	0.015421	0.000157
2.862000	-0.877826	0.099030	0.486571	1.972893	0.015321	0.000159
2.863000	-0.877832	0.098725	0.483073	1.933229	0.015152	0.000151
2.864000	-0.875168	0.096958	0.460797	1.904677	0.014728	0.000157
2.865000	-0.876815	0.097740	0.481841	1.846707	0.014720	0.000159
2.866000	-0.875336	0.097671	0.468138	1.871150	0.014777	0.000157
2.867000	-0.875525	0.097834	0.468433	1.953385	0.015041	0.000142
2.868000	-0.875227	0.096997	0.482072	1.907582	0.014751	0.000154
2.869000	-0.874204	0.098221	0.465043	1.886015	0.014931	0.000162
2.870000	-0.874370	0.099575	0.476215	1.981610	0.015469	0.000153
2.871000	-0.874073	0.097405	0.475588	1.885772	0.014775	0.000149
2.872000	-0.875634	0.096760	0.475909	1.891242	0.014667	0.000147
2.873000	-0.870417	0.096896	0.462771	1.853381	0.014589	0.000153
2.874000	-0.872095	0.095118	0.461234	1.828083	0.014178	0.000150
2.875000	-0.872727	0.097594	0.465523	1.915476	0.014903	0.000152
2.876000	-0.872234	0.097460	0.452403	1.878609	0.014775	0.000152
2.877000	-0.870150	0.094809	0.459726	1.774102	0.013973	0.000161
2.878000	-0.868766	0.094655	0.463685	1.835029	0.014117	0.000151
2.879000	-0.870352	0.097396	0.460224	1.982196	0.015059	0.000142
2.880000	-0.869121	0.097275	0.488759	1.874235	0.014734	0.000162
2.881000	-0.869366	0.097336	0.469129	1.931335	0.014908	0.000155
2.882000	-0.869169	0.095547	0.483160	1.819583	0.014250	0.000146
2.883000	-0.867321	0.096154	0.466951	1.820267	0.014370	0.000155
2.884000	-0.868970	0.096706	0.458336	1.863034	0.014599	0.000152
2.885000	-0.864986	0.093307	0.463525	1.757760	0.013658	0.000151
2.886000	-0.865965	0.094326	0.447850	1.727255	0.013765	0.000153
2.887000	-0.867657	0.093089	0.453366	1.787180	0.013704	0.000151
2.888000	-0.867576	0.093160	0.455583	1.721983	0.013535	0.000137
2.889000	-0.865973	0.097215	0.445276	1.898637	0.014807	0.000154
2.890000	-0.865771	0.095958	0.455459	1.806758	0.014307	0.000159
2.891000	-0.864109	0.096660	0.464463	1.853144	0.014575	0.000161
2.892000	-0.863111	0.094219	0.466370	1.793318	0.013942	0.000148
2.893000	-0.864145	0.094262	0.463872	1.782932	0.013922	0.000149
2.894000	-0.862854	0.094873	0.453124	1.707584	0.013827	0.000161
2.895000	-0.862003	0.092446	0.453719	1.726843	0.013428	0.000143
2.896000	-0.861910	0.095541	0.454928	1.754951	0.014091	0.000158
2.897000	-0.861676	0.096053	0.454222	1.816096	0.014364	0.000148
2.898000	-0.859379	0.092744	0.453673	1.643357	0.013252	0.000152
2.899000	-0.860841	0.093253	0.456137	1.698912	0.013506	0.000145
2.900000	-0.859771	0.091691	0.437975	1.701979	0.013227	0.000146
2.901000	-0.858997	0.093455	0.447045	1.757173	0.013712	0.000148
2.902000	-0.859847	0.092592	0.459005	1.719860	0.013447	0.000152
2.903000	-0.857834	0.093913	0.456110	1.734942	0.013738	0.000152
2.904000	-0.859516	0.094763	0.454264	1.743961	0.013926	0.000156
2.905000	-0.858044	0.094111	0.439556	1.692413	0.013658	0.000160
2.906000	-0.857786	0.091999	0.445874	1.667354	0.013196	0.000148
2.907000	-0.857205	0.094100	0.446957	1.722990	0.013746	0.000152
2.908000	-0.855514	0.093039	0.445004	1.668064	0.013393	0.000149
2.909000	-0.855752	0.093627	0.438629	1.769412	0.013793	0.000146
2.910000	-0.856209	0.093329	0.445951	1.725352	0.013613	0.000148
2.911000	-0.854652	0.092971	0.451303	1.725004	0.013547	0.000147
2.912000	-0.855255	0.094674	0.456504	1.792262	0.014060	0.000143
2.913000	-0.854967	0.093451	0.450237	1.721144	0.013629	0.000148
2.914000	-0.852947	0.093633	0.454630	1.714224	0.013645	0.000144
2.915000	-0.853855	0.094594	0.448786	1.760724	0.013960	0.000155
2.916000	-0.852816	0.091574	0.440379	1.658469	0.013109	0.000147
2.917000	-0.853657	0.092445	0.445918	1.689609	0.013359	0.000155
2.918000	-0.852179	0.091681	0.449278	1.745368	0.013379	0.000131
2.919000	-0.849490	0.090280	0.433828	1.600902	0.012714	0.000145
2.920000	-0.851208	0.093273	0.431355	1.719243	0.013602	0.000145
2.921000	-0.849885	0.090921	0.435208	1.632177	0.012922	0.000143
2.922000	-0.849401	0.092145	0.437234	1.598593	0.013052	0.000156
2.923000	-0.850640	0.094042	0.428141	1.692326	0.013675	0.000151
2.924000	-0.849377	0.091669	0.441651	1.698738	0.013254	0.000145
2.925000	-0.850445	0.091313	0.439645	1.609407	0.012935	0.000142
2.926000	-0.848183	0.092009	0.431230	1.615313	0.013081	0.000144
2.927000	-0.848277	0.094218	0.443021	1.707133	0.013757	0.000160
2.928000	-0.848491	0.090288	0.432455	1.584050	0.012681	0.000150
2.929000	-0.847228	0.091132	0.439338	1.637763	0.012990	0.000146
2.930000	-0.845192	0.089329	0.436540	1.563891	0.012455	0.000149
2.931000	-0.847123	0.091365	0.428190	1.586172	0.012888	0.000146
2.932000	-0.845496	0.091656	0.435305	1.623068	0.013048	0.000148
2.933000	-0.846223	0.091100	0.433481	1.654742	0.013039	0.000150
2.934000	-0.845795	0.091330	0.431360	1.622722	0.012991	0.000137
2.935000	-0.844198	0.091063	0.436592	1.510564	0.012622	0.000156
2.936000	-0.845829	0.091699	0.435012	1.620361	0.013055	0.000152
2.937000	-0.844440	0.093065	0.425497	1.690313	0.013509	0.000137
2.938000	-0.843562	0.089444	0.430885	1.548386	0.012443	0.000144
2.939000	-0.844599	0.091673	0.451199	1.651806	0.013145	0.000145
2.940000	-0.843043	0.090901	0.436986	1.629135	0.012940	0.000137
2.941000	-0.842809	0.092876	0.429017	1.653833	0.013376	0.000144
2.942000	-0.840025	0.090038	0.440117	1.557144	0.012581	0.000151
2.943000	-0.840430	0.090992	0.434231	1.643044	0.013002	0.000146
2.944000	-0.841080	0.089054	0.422057	1.560118	0.012416	0.000150
2.945000	-0.839748	0.092007	0.416408	1.616407	0.013114	0.000150
2.946000	-0.841673	0.091455	0.436707	1.605819	0.012984	0.000145
2.947000	-0.839675	0.090572	0.430454	1.610119	0.012837	0.000137
2.948000	-0.838202	0.089222	0.419985	1.575911	0.012498	0.000146
2.949000	-0.837527	0.089692	0.427524	1.637019	0.012759	0.000142
2.950000	-0.839578	0.087981	0.416172	1.499447	0.012060	0.000143
2.951000	-0.837630	0.089622	0.416318	1.550514	0.012500	0.000141
2.952000	-0.835587	0.086502	0.417256	1.443567	0.011644	0.000148
2.953000	-0.838442	0.088719	0.415117	1.525623	0.012271	0.000142
2.954000	-0.835967	0.091168	0.429264	1.631555	0.013018	0.000139
2.955000	-0.836719	0.090050	0.429655	1.588992	0.012694	0.000151
2.956000	-0.836864	0.088818	0.432121	1.545063	0.012349	0.000142
2.957000	-0.834738	0.087856	0.436916	1.481026	0.011995	0.000140
2.958000	-0.835039	0.087966	0.417112	1.560197	0.012245	0.000137
2.959000	-0.831658	0.089022	0.411790	1.555795	0.012421	0.000146
2.960000	-0.831612	0.087629	0.424234	1.460013	0.011899	0.000150
2.961000	-0.833264	0.089777	0.433113	1.545809	0.012530	0.000142
2.962000	-0.832198	0.089078	0.420461	1.549789	0.012418	0.000140
2.963000	-0.831271	0.087398	0.423470	1.479252	0.011919	0.000137
2.964000	-0.831939	0.087954	0.425529	1.481912	0.012025	0.000143
2.965000	-0.830696	0.089013	0.424128	1.517054	0.012316	0.000139
2.966000	-0.831758	0.087296	0.410442	1.484957	0.011922	0.000138
2.967000	-0.829349	0.086534	0.400328	1.480329	0.011777	0.000134
2.968000	-0.829785	0.086980	0.413367	1.436533	0.011729	0.000144
2.969000	-0.828548	0.086871	0.425932	1.516721	0.011944	0.000135
2.970000	-0.828880	0.087315	0.400642	1.479490	0.011915	0.000142
2.971000	-0.830654	0.088872	0.418521	1.534139	0.012349	0.000143
2.972000	-0.827604	0.082851	0.413225	1.375937	0.010858	0.000134
2.973000	-0.828097	0.085510	0.419138	1.435020	0.011478	0.000141
2.974000	-0.828260	0.087304	0.416313	1.471816	0.011897	0.000150
2.975000	-0.825866	0.087945	0.404740	1.508778	0.012118	0.000145
2.976000	-0.825132	0.083480	0.419082	1.368266	0.010945	0.000135
2.977000	-0.825814	0.087317	0.410109	1.419944	0.011752	0.000150
2.978000	-0.826088	0.088357	0.409050	1.503311	0.012179	0.000142
2.979000	-0.825806	0.087294	0.401397	1.482137	0.011932	0.000136
2.980000	-0.825527	0.086516	0.418579	1.413343	0.011598	0.000146
2.981000	-0.824615	0.087254	0.407526	1.480220	0.011922	0.000146
2.982000	-0.825623	0.086376	0.416366	1.443920	0.011666	0.000141
2.983000	-0.825475	0.085922	0.404391	1.401899	0.011466	0.000134
2.984000	-0.823915	0.086737	0.393306	1.417189	0.011653	0.000139
2.985000	-0.824345	0.086631	0.406698	1.384108	0.011540	0.000142
2.986000	-0.822854	0.085984	0.405432	1.446060	0.011610	0.000136
2.987000	-0.821509	0.086070	0.409862	1.437396	0.011601	0.000147
2.988000	-0.820985	0.086570	0.405753	1.433440	0.011677	0.000143
2.989000	-0.820633	0.082794	0.402305	1.333011	0.010746	0.000134
2.990000	-0.822181	0.084213	0.409895	1.412860	0.011217	0.000132
2.991000	-0.823294	0.085025	0.395706	1.420573	0.011379	0.000132
2.992000	-0.820336	0.086255	0.396733	1.431293	0.011622	0.000144
2.993000	-0.820149	0.086530	0.408119	1.447085	0.011717	0.000144
2.994000	-0.820827	0.085780	0.397068	1.395699	0.011439	0.000134
2.995000	-0.820870	0.085298	0.404187	1.386049	0.011330	0.000140
2.996000	-0.819990	0.085644	0.388867	1.401218	0.011434	0.000130
2.997000	-0.819489	0.084130	0.402333	1.326951	0.010961	0.000135
2.998000	-0.817598	0.085484	0.401563	1.456344	0.011571	0.000132
2.999000	-0.816718	0.085514	0.402475	1.391690	0.011389	0.000143
