1.000000	-1.997177	0.999280	0.023256	0.001565	0.998562	0.997132
1.010000	-1.996904	0.999212	0.024722	0.001666	0.998425	0.996860
1.020000	-1.996594	0.999129	0.027342	0.001898	0.998260	0.996530
1.030000	-1.996327	0.999062	0.028558	0.001971	0.998127	0.996265
1.040000	-1.996091	0.999000	0.029271	0.002067	0.998003	0.996018
1.050000	-1.995802	0.998923	0.031848	0.002300	0.997849	0.995712
1.060000	-1.995330	0.998804	0.034885	0.002519	0.997611	0.995239
1.070000	-1.995009	0.998720	0.036758	0.002702	0.997444	0.994906
1.080000	-1.994769	0.998658	0.038175	0.002847	0.997321	0.994661
1.090000	-1.994429	0.998570	0.038838	0.002896	0.997145	0.994310
1.100000	-1.993953	0.998442	0.042191	0.003225	0.996889	0.993802
1.110000	-1.993560	0.998344	0.044169	0.003390	0.996694	0.993413
1.120000	-1.993116	0.998223	0.046509	0.003643	0.996454	0.992936
1.130000	-1.992532	0.998069	0.049441	0.003957	0.996146	0.992323
1.140000	-1.992246	0.997999	0.049646	0.003972	0.996006	0.992046
1.150000	-1.991656	0.997847	0.051776	0.004186	0.995703	0.991443
1.160000	-1.991053	0.997685	0.054062	0.004443	0.995381	0.990803
1.170000	-1.990476	0.997529	0.058059	0.004852	0.995070	0.990187
1.180000	-1.989752	0.997338	0.061666	0.005215	0.994689	0.989431
1.190000	-1.989183	0.997178	0.065626	0.005742	0.994370	0.988799
1.200000	-1.988423	0.996972	0.069030	0.006086	0.993961	0.987987
1.210000	-1.987780	0.996811	0.070206	0.006225	0.993639	0.987348
1.220000	-1.987189	0.996653	0.074102	0.006609	0.993324	0.986724
1.230000	-1.986487	0.996461	0.076149	0.006965	0.992943	0.985968
1.240000	-1.985664	0.996245	0.078624	0.007257	0.992514	0.985118
1.250000	-1.984830	0.996012	0.083295	0.007995	0.992051	0.984203
1.260000	-1.983946	0.995760	0.086606	0.008349	0.991548	0.983208
1.270000	-1.982997	0.995529	0.091209	0.008713	0.991089	0.982299
1.280000	-1.982399	0.995356	0.091831	0.008900	0.990744	0.981618
1.290000	-1.981131	0.995002	0.098206	0.009779	0.990040	0.980229
1.300000	-1.980176	0.994753	0.103182	0.010342	0.989547	0.979256
1.310000	-1.979224	0.994501	0.104300	0.010487	0.989046	0.978266
1.320000	-1.978165	0.994192	0.109369	0.011351	0.988432	0.977055
1.330000	-1.977256	0.993947	0.113842	0.011853	0.987946	0.976098
1.340000	-1.975765	0.993520	0.116973	0.012672	0.987099	0.974430
1.350000	-1.974895	0.993288	0.118485	0.012981	0.986638	0.973522
1.360000	-1.973334	0.992859	0.128451	0.014135	0.985788	0.971851
1.370000	-1.972059	0.992513	0.129193	0.014291	0.985101	0.970498
1.380000	-1.970695	0.992111	0.135853	0.015547	0.984305	0.968939
1.390000	-1.969743	0.991854	0.139812	0.016029	0.983796	0.967940
1.400000	-1.967931	0.991361	0.142475	0.016461	0.982819	0.966021
1.410000	-1.966448	0.990915	0.146171	0.017331	0.981936	0.964291
1.420000	-1.965170	0.990575	0.154486	0.018591	0.981264	0.962980
1.430000	-1.963666	0.990130	0.156361	0.019238	0.980384	0.961258
1.440000	-1.962158	0.989692	0.162482	0.020255	0.979519	0.959569
1.450000	-1.960555	0.989227	0.166171	0.021226	0.978600	0.957775
1.460000	-1.958260	0.988586	0.173909	0.022547	0.977334	0.955306
1.470000	-1.957043	0.988238	0.172140	0.022522	0.976647	0.953966
1.480000	-1.954866	0.987578	0.187239	0.025169	0.975347	0.951443
1.490000	-1.953241	0.987126	0.189725	0.025612	0.974455	0.949708
1.500000	-1.951296	0.986539	0.196796	0.027087	0.973299	0.947465
1.510000	-1.948811	0.985855	0.203272	0.028051	0.971951	0.944849
1.520000	-1.946707	0.985225	0.215157	0.030067	0.970712	0.942455
1.530000	-1.944989	0.984726	0.209293	0.029779	0.969729	0.940546
1.540000	-1.942626	0.984001	0.223570	0.032457	0.968306	0.937805
1.550000	-1.940167	0.983292	0.222953	0.032988	0.966913	0.935112
1.560000	-1.938796	0.982836	0.233655	0.035805	0.966021	0.933407
1.570000	-1.935966	0.981980	0.239896	0.037280	0.964341	0.930173
1.580000	-1.933130	0.981132	0.255190	0.040125	0.962681	0.926992
1.590000	-1.930382	0.980238	0.261359	0.042962	0.960933	0.923648
1.600000	-1.928296	0.979605	0.260648	0.043356	0.959695	0.921272
1.610000	-1.925505	0.978745	0.277965	0.046937	0.958015	0.918074
1.620000	-1.922549	0.977887	0.274886	0.045986	0.956336	0.914856
1.630000	-1.920277	0.977198	0.281356	0.048554	0.954993	0.912304
1.640000	-1.917228	0.976193	0.297516	0.054035	0.953039	0.908611
1.650000	-1.914485	0.975329	0.294774	0.053141	0.951351	0.905393
1.660000	-1.911075	0.974236	0.305649	0.056344	0.949227	0.901376
1.670000	-1.908645	0.973504	0.314429	0.058337	0.947805	0.898693
1.680000	-1.904702	0.972247	0.334159	0.063763	0.945368	0.894114
1.690000	-1.901504	0.971192	0.331311	0.065167	0.943322	0.890259
1.700000	-1.898829	0.970277	0.333807	0.066929	0.941549	0.886930
1.710000	-1.894083	0.968727	0.352354	0.072044	0.938552	0.881329
1.720000	-1.890895	0.967611	0.363763	0.078227	0.936402	0.877337
1.730000	-1.887608	0.966549	0.365581	0.079644	0.934352	0.873512
1.740000	-1.883756	0.965311	0.382484	0.085434	0.931970	0.869103
1.750000	-1.879760	0.963994	0.375170	0.084415	0.929429	0.864369
1.760000	-1.877264	0.963157	0.393963	0.090160	0.927827	0.861432
1.770000	-1.870900	0.960931	0.422451	0.104453	0.923570	0.853639
1.780000	-1.868643	0.960237	0.423304	0.099980	0.922229	0.851141
1.790000	-1.863895	0.958609	0.417897	0.102415	0.919110	0.845415
1.800000	-1.858942	0.956682	0.455941	0.119268	0.915451	0.838808
1.810000	-1.854406	0.955045	0.446604	0.121582	0.912326	0.833115
1.820000	-1.850924	0.953752	0.465978	0.125743	0.909866	0.828661
1.830000	-1.845686	0.951864	0.482071	0.137168	0.906291	0.822240
1.840000	-1.840794	0.949992	0.482272	0.147976	0.902750	0.815901
1.850000	-1.835640	0.948404	0.479905	0.141114	0.899726	0.810412
1.860000	-1.830888	0.946492	0.519114	0.159270	0.896136	0.804080
1.870000	-1.825426	0.944354	0.530418	0.170048	0.892116	0.796961
1.880000	-1.820404	0.942577	0.529561	0.177609	0.888777	0.791060
1.890000	-1.815168	0.940626	0.543169	0.177659	0.885105	0.784555
1.900000	-1.809723	0.938517	0.553768	0.185921	0.881159	0.777640
1.910000	-1.803514	0.935674	0.602191	0.238445	0.875930	0.768769
1.920000	-1.798106	0.933961	0.597254	0.215681	0.872688	0.762972
1.930000	-1.791281	0.931028	0.599945	0.227936	0.867243	0.753572
1.940000	-1.786354	0.928882	0.620265	0.251189	0.863297	0.746889
1.950000	-1.779423	0.926305	0.632829	0.259581	0.858535	0.738744
1.960000	-1.774237	0.924148	0.640819	0.264498	0.854556	0.731963
1.970000	-1.767156	0.920803	0.657602	0.321827	0.848498	0.721981
1.980000	-1.760212	0.918017	0.706138	0.338345	0.843410	0.713481
1.990000	-1.752594	0.914116	0.696342	0.384988	0.836357	0.701882
2.000000	-1.744709	0.910594	0.760067	0.450237	0.830060	0.691755
2.010000	-1.739183	0.908553	0.707567	0.383422	0.826221	0.685046
2.020000	-1.731291	0.904955	0.736771	0.417678	0.819767	0.674628
2.030000	-1.721183	0.898992	0.806166	0.550141	0.809277	0.658272
2.040000	-1.714643	0.896203	0.801067	0.539685	0.804254	0.650130
2.050000	-1.706016	0.892004	0.844711	0.607388	0.796887	0.638710
2.060000	-1.697604	0.888078	0.864015	0.644560	0.789980	0.627939
2.070000	-1.689110	0.882035	0.895031	0.869133	0.779743	0.612987
2.080000	-1.681619	0.879974	0.898966	0.722448	0.775822	0.606219
2.090000	-1.669959	0.874212	0.922748	0.757400	0.765792	0.590919
2.100000	-1.666450	0.870999	0.941862	0.850607	0.760384	0.583184
2.110000	-1.652464	0.864513	1.002376	0.925657	0.749291	0.566817
2.120000	-1.642109	0.857303	1.016744	1.121388	0.737291	0.549845
2.130000	-1.630827	0.850324	1.016993	1.123714	0.725388	0.532525
2.140000	-1.622207	0.845930	1.092427	1.283312	0.718280	0.522982
2.150000	-1.609404	0.836422	1.109970	1.589880	0.702940	0.502460
2.160000	-1.595629	0.822450	1.209609	3.076872	0.682914	0.479048
2.170000	-1.589065	0.822630	1.187691	1.978467	0.680913	0.473570
2.180000	-1.573366	0.808102	1.272410	2.740838	0.658863	0.446972
2.190000	-1.559195	0.798657	1.318058	2.653465	0.643527	0.426917
2.200000	-1.547585	0.785247	1.421367	4.079890	0.625379	0.407966
2.210000	-1.534561	0.776369	1.460495	4.418670	0.612285	0.392090
2.220000	-1.521601	0.768066	1.387960	3.791473	0.598145	0.373833
2.230000	-1.508151	0.754792	1.438336	4.772510	0.580104	0.355110
2.240000	-1.481347	0.706738	1.778650	12.031498	0.525798	0.309031
2.250000	-1.469730	0.706071	1.776830	9.540705	0.519500	0.298991
2.260000	-1.445352	0.662787	1.850244	13.699525	0.469522	0.256413
2.270000	-1.429309	0.638371	1.850023	16.332163	0.443722	0.235279
2.280000	-1.411490	0.616266	1.903439	16.654669	0.416866	0.212686
2.290000	-1.394432	0.599225	1.881078	17.823447	0.398930	0.197715
2.300000	-1.377638	0.568801	1.919274	18.693856	0.365523	0.172730
2.310000	-1.365133	0.556423	1.925165	19.016105	0.352504	0.163039
2.320000	-1.334063	0.499111	1.768645	21.038327	0.296776	0.125678
2.330000	-1.321798	0.487326	1.833341	20.813644	0.284846	0.118256
2.340000	-1.301232	0.439915	1.673738	21.475587	0.242601	0.093355
2.350000	-1.287027	0.424693	1.657597	20.621156	0.227688	0.084850
2.360000	-1.271348	0.403458	1.587666	20.228252	0.209398	0.073447
2.370000	-1.256205	0.375518	1.515942	18.441525	0.183695	0.059790
2.380000	-1.238893	0.354676	1.487306	18.538606	0.168883	0.053077
2.390000	-1.224639	0.334876	1.299785	16.136219	0.149804	0.042275
2.400000	-1.207565	0.293881	1.213568	15.646779	0.123038	0.032212
2.410000	-1.203814	0.312179	1.299776	15.993969	0.135098	0.036978
2.420000	-1.193926	0.299239	1.227491	15.576228	0.126355	0.033142
2.430000	-1.182472	0.286446	1.154617	13.942946	0.115139	0.027739
2.440000	-1.162967	0.257252	1.083011	11.955938	0.094667	0.019624
2.450000	-1.152105	0.241637	1.064484	10.552664	0.083636	0.015949
2.460000	-1.144910	0.236443	1.025930	11.049906	0.082451	0.016271
2.470000	-1.135256	0.226816	0.977988	10.177750	0.075996	0.014145
2.480000	-1.128938	0.226203	0.931072	9.910587	0.075170	0.013216
2.490000	-1.118323	0.223451	0.947950	9.412179	0.072817	0.012568
2.500000	-1.109445	0.206639	0.846483	8.140352	0.062574	0.009466
2.510000	-1.098487	0.194058	0.867467	8.067678	0.057434	0.008720
2.520000	-1.090807	0.187635	0.841460	7.601072	0.053912	0.007573
2.530000	-1.082319	0.184444	0.828769	6.721151	0.050626	0.006505
2.540000	-1.076861	0.175820	0.826837	6.595477	0.047272	0.006066
2.550000	-1.066678	0.171878	0.812227	6.123939	0.044792	0.005360
2.560000	-1.058380	0.168667	0.744198	5.729179	0.042772	0.004700
2.570000	-1.051925	0.161312	0.788203	5.484536	0.039786	0.004294
2.580000	-1.042314	0.158062	0.752686	5.152450	0.037965	0.003879
2.590000	-1.033876	0.154757	0.715583	4.832634	0.036173	0.003452
2.600000	-1.029713	0.154613	0.690965	4.934446	0.036434	0.003606
2.610000	-1.021177	0.147746	0.692227	4.654106	0.033691	0.003085
2.620000	-1.013304	0.143218	0.668960	4.362847	0.031674	0.002863
2.630000	-1.008131	0.139030	0.679494	4.156530	0.030005	0.002493
2.640000	-1.000136	0.132692	0.653893	3.842196	0.027513	0.002154
2.650000	-0.993690	0.134405	0.637021	3.918945	0.028206	0.002308
2.660000	-0.991099	0.134840	0.623616	3.795727	0.028042	0.002216
2.670000	-0.979540	0.127372	0.623237	3.317031	0.024872	0.001689
2.680000	-0.975832	0.132629	0.649908	3.792671	0.027517	0.002178
2.690000	-0.968467	0.128139	0.601016	3.381098	0.025302	0.001809
2.700000	-0.963055	0.121300	0.609258	3.070840	0.022811	0.001458
2.710000	-0.958718	0.124106	0.606448	3.077499	0.023547	0.001531
2.720000	-0.951684	0.119837	0.589021	3.046518	0.022453	0.001462
2.730000	-0.946263	0.116539	0.552517	2.940509	0.021421	0.001359
2.740000	-0.941025	0.114915	0.555510	2.668480	0.020346	0.001162
2.750000	-0.936389	0.112877	0.569301	2.625876	0.019793	0.001158
2.760000	-0.930034	0.114158	0.558650	2.635879	0.020137	0.001146
2.770000	-0.923451	0.109431	0.518975	2.619778	0.019062	0.001100
2.780000	-0.918654	0.110130	0.533657	2.486943	0.018880	0.001030
2.790000	-0.914278	0.108186	0.537888	2.356966	0.018126	0.000934
2.800000	-0.908046	0.104820	0.516603	2.274598	0.017207	0.000866
2.810000	-0.902909	0.102584	0.505422	2.228990	0.016640	0.000829
2.820000	-0.898097	0.102376	0.513808	2.136110	0.016363	0.000779
2.830000	-0.893320	0.103337	0.488919	2.184492	0.016716	0.000815
2.840000	-0.887477	0.099399	0.471938	1.997445	0.015420	0.000707
2.850000	-0.882627	0.099796	0.489422	2.004326	0.015538	0.000709
2.860000	-0.877945	0.098743	0.477277	1.947689	0.015190	0.000660
2.870000	-0.872830	0.096059	0.472369	1.854164	0.014424	0.000609
2.880000	-0.870081	0.096110	0.465739	1.830839	0.014386	0.000597
2.890000	-0.864755	0.096464	0.460724	1.815721	0.014430	0.000608
2.900000	-0.861136	0.093117	0.457178	1.727305	0.013563	0.000555
2.910000	-0.856834	0.094553	0.449411	1.778733	0.013995	0.000577
2.920000	-0.852454	0.093486	0.443249	1.707715	0.013609	0.000540
2.930000	-0.846939	0.092585	0.433684	1.696781	0.013427	0.000536
2.940000	-0.842788	0.090308	0.445276	1.561934	0.012640	0.000459
2.950000	-0.837320	0.089267	0.428423	1.540894	0.012408	0.000450
2.960000	-0.833761	0.087685	0.422157	1.478944	0.011964	0.000425
2.970000	-0.829933	0.087155	0.419859	1.443592	0.011783	0.000401
2.980000	-0.825807	0.085817	0.418377	1.487820	0.011694	0.000413
2.990000	-0.822040	0.086337	0.394753	1.398219	0.011537	0.000379
3.000000	-0.818249	0.086742	0.397988	1.405119	0.011641	0.000395
3.010000	-0.814321	0.085177	0.397039	1.391837	0.011346	0.000381
3.020000	-0.809021	0.083129	0.396122	1.325091	0.010818	0.000344
3.030000	-0.805404	0.082844	0.387773	1.321406	0.010773	0.000342
3.040000	-0.801161	0.081923	0.365410	1.298838	0.010567	0.000335
3.050000	-0.795995	0.081524	0.381861	1.284704	0.010473	0.000329
3.060000	-0.794971	0.079887	0.372838	1.189845	0.009938	0.000284
3.070000	-0.790305	0.079271	0.366942	1.160695	0.009764	0.000271
3.080000	-0.786943	0.077972	0.368295	1.132605	0.009486	0.000266
3.090000	-0.783593	0.079447	0.366501	1.194988	0.009918	0.000291
3.100000	-0.778186	0.078480	0.359281	1.155074	0.009656	0.000277
3.110000	-0.774379	0.075732	0.363103	1.080049	0.009016	0.000245
3.120000	-0.772763	0.076700	0.364135	1.109455	0.009263	0.000255
3.130000	-0.768931	0.075929	0.341388	1.083403	0.009077	0.000246
3.140000	-0.765805	0.076847	0.357401	1.068295	0.009181	0.000244
3.150000	-0.762582	0.074973	0.337783	1.017067	0.008750	0.000225
3.160000	-0.758139	0.075787	0.342762	1.044623	0.008967	0.000243
3.170000	-0.755316	0.073188	0.336666	0.988011	0.008415	0.000213
3.180000	-0.750766	0.073188	0.341806	0.985273	0.008416	0.000211
3.190000	-0.746823	0.074043	0.329372	0.988645	0.008562	0.000215
3.200000	-0.745047	0.073433	0.323242	0.967208	0.008415	0.000209
3.210000	-0.742457	0.072843	0.322985	0.939454	0.008251	0.000199
3.220000	-0.739507	0.072102	0.325116	0.937485	0.008147	0.000196
3.230000	-0.733318	0.070991	0.307287	0.886841	0.007837	0.000178
3.240000	-0.731838	0.071526	0.320121	0.906837	0.007985	0.000185
3.250000	-0.728777	0.070067	0.307516	0.852218	0.007614	0.000171
3.260000	-0.725472	0.069806	0.303798	0.868898	0.007639	0.000171
3.270000	-0.720435	0.069040	0.303590	0.847409	0.007473	0.000164
3.280000	-0.718923	0.068572	0.305902	0.822141	0.007336	0.000158
3.290000	-0.717468	0.071117	0.299366	0.881019	0.007888	0.000179
3.300000	-0.715035	0.067529	0.290836	0.823709	0.007215	0.000156
3.310000	-0.711443	0.067723	0.295472	0.786619	0.007129	0.000148
3.320000	-0.708139	0.068352	0.288253	0.800646	0.007268	0.000156
3.330000	-0.704578	0.068724	0.287314	0.810912	0.007360	0.000158
3.340000	-0.702541	0.066294	0.277421	0.791038	0.006975	0.000146
3.350000	-0.700023	0.065917	0.286901	0.756722	0.006821	0.000137
3.360000	-0.695702	0.065409	0.279132	0.727638	0.006666	0.000129
3.370000	-0.693372	0.066754	0.274027	0.770640	0.006992	0.000143
3.380000	-0.691222	0.065649	0.276203	0.729548	0.006718	0.000132
3.390000	-0.688931	0.066098	0.274336	0.743083	0.006829	0.000137
3.400000	-0.686245	0.064267	0.267850	0.700316	0.006456	0.000124
3.410000	-0.682326	0.065273	0.271272	0.710132	0.006625	0.000127
3.420000	-0.681218	0.064916	0.272279	0.725524	0.006637	0.000135
3.430000	-0.677552	0.063362	0.258030	0.691602	0.006331	0.000119
3.440000	-0.675805	0.063757	0.267084	0.679085	0.006346	0.000121
3.450000	-0.672073	0.062929	0.254171	0.659119	0.006181	0.000113
3.460000	-0.670714	0.063110	0.255392	0.678489	0.006275	0.000117
3.470000	-0.668217	0.063185	0.255295	0.661960	0.006235	0.000114
3.480000	-0.666366	0.063658	0.246752	0.651879	0.006268	0.000114
3.490000	-0.663373	0.062296	0.247173	0.650026	0.006096	0.000112
3.500000	-0.658852	0.062087	0.248773	0.638186	0.006036	0.000109
3.510000	-0.658287	0.062151	0.245986	0.645102	0.006074	0.000111
3.520000	-0.655575	0.061681	0.245281	0.637528	0.005996	0.000110
3.530000	-0.652676	0.061647	0.244372	0.623231	0.005949	0.000105
3.540000	-0.649352	0.061478	0.246441	0.607497	0.005880	0.000103
3.550000	-0.647518	0.060533	0.230968	0.596925	0.005734	0.000098
3.560000	-0.646961	0.060218	0.232303	0.595281	0.005696	0.000098
3.570000	-0.642508	0.059787	0.228061	0.584481	0.005612	0.000095
3.580000	-0.640262	0.060942	0.236047	0.600847	0.005815	0.000101
3.590000	-0.639310	0.058891	0.234352	0.570220	0.005467	0.000090
3.600000	-0.637152	0.058665	0.226073	0.547167	0.005365	0.000085
3.610000	-0.632556	0.059868	0.226405	0.567735	0.005586	0.000093
3.620000	-0.631766	0.059325	0.229605	0.573895	0.005548	0.000093
3.630000	-0.629460	0.058870	0.221245	0.545972	0.005401	0.000086
3.640000	-0.627446	0.058574	0.225158	0.547256	0.005376	0.000084
3.650000	-0.625299	0.058251	0.216612	0.531172	0.005287	0.000082
3.660000	-0.622897	0.057464	0.215461	0.535511	0.005216	0.000082
3.670000	-0.621906	0.057263	0.216813	0.516914	0.005132	0.000078
3.680000	-0.617059	0.057266	0.219876	0.509236	0.005109	0.000077
3.690000	-0.616214	0.057250	0.217225	0.523865	0.005165	0.000080
3.700000	-0.614776	0.056496	0.217535	0.513248	0.005046	0.000077
3.710000	-0.611445	0.056690	0.217750	0.507365	0.005052	0.000076
3.720000	-0.610193	0.056439	0.206356	0.498265	0.004995	0.000074
3.730000	-0.608154	0.055438	0.208744	0.482823	0.004832	0.000069
3.740000	-0.606768	0.056869	0.209282	0.513716	0.005110	0.000079
3.750000	-0.604919	0.056186	0.206607	0.481771	0.004921	0.000072
3.760000	-0.603383	0.055917	0.201446	0.491784	0.004932	0.000073
3.770000	-0.599871	0.054700	0.206282	0.466727	0.004710	0.000066
3.780000	-0.597814	0.055158	0.195334	0.477226	0.004804	0.000070
3.790000	-0.595922	0.055435	0.197850	0.471569	0.004818	0.000068
3.800000	-0.594303	0.054267	0.195099	0.447309	0.004605	0.000063
3.810000	-0.591973	0.054640	0.198093	0.461878	0.004704	0.000066
3.820000	-0.588773	0.054740	0.189906	0.460995	0.004716	0.000066
3.830000	-0.588014	0.054377	0.188165	0.459160	0.004674	0.000066
3.840000	-0.585976	0.053663	0.182702	0.432144	0.004500	0.000059
3.850000	-0.583904	0.053879	0.189963	0.440891	0.004561	0.000062
3.860000	-0.582599	0.053700	0.188689	0.445467	0.004563	0.000063
3.870000	-0.580669	0.053687	0.188920	0.437974	0.004538	0.000062
3.880000	-0.578930	0.053436	0.184636	0.425352	0.004467	0.000060
3.890000	-0.576649	0.053051	0.185290	0.430404	0.004449	0.000061
3.900000	-0.573542	0.053149	0.187550	0.430186	0.004463	0.000060
3.910000	-0.574703	0.052989	0.181860	0.418728	0.004407	0.000058
3.920000	-0.569823	0.052714	0.180199	0.413735	0.004363	0.000056
3.930000	-0.570130	0.052617	0.183177	0.412685	0.004352	0.000057
3.940000	-0.567023	0.052050	0.174384	0.397608	0.004239	0.000053
3.950000	-0.566252	0.051938	0.175482	0.390817	0.004205	0.000052
3.960000	-0.565411	0.052220	0.175464	0.404992	0.004293	0.000055
3.970000	-0.562373	0.051341	0.175754	0.385498	0.004130	0.000051
3.980000	-0.561342	0.052346	0.173605	0.398734	0.004290	0.000056
3.990000	-0.557343	0.051428	0.172096	0.386755	0.004152	0.000051
4.000000	-0.557076	0.051465	0.169039	0.389267	0.004169	0.000052
