1.909200	-1.804252	0.936252	0.575516	0.209138	0.876958	0.770396
1.914200	-1.801402	0.935123	0.582267	0.214703	0.874856	0.766749
1.919200	-1.798541	0.933974	0.588863	0.220548	0.872721	0.763057
1.924200	-1.795537	0.932765	0.597309	0.228635	0.870479	0.759199
1.929200	-1.792463	0.931506	0.603353	0.236977	0.868149	0.755198
1.934200	-1.789459	0.930274	0.611563	0.243657	0.865870	0.751289
1.939200	-1.786280	0.928969	0.621508	0.252549	0.863462	0.747181
1.944200	-1.783329	0.927740	0.628271	0.260160	0.861196	0.743320
1.949200	-1.780099	0.926420	0.635160	0.268020	0.858763	0.739184
1.954200	-1.776784	0.924989	0.642314	0.278023	0.856136	0.734738
1.959200	-1.773700	0.923728	0.651444	0.285485	0.853820	0.730826
1.964200	-1.770356	0.922308	0.659857	0.297219	0.851222	0.726467
1.969200	-1.766956	0.920780	0.669945	0.311108	0.848434	0.721810
1.974200	-1.763753	0.919420	0.675770	0.319174	0.845948	0.717648
1.979200	-1.760272	0.917881	0.685978	0.331465	0.843146	0.712988
1.984200	-1.756795	0.916335	0.694619	0.342844	0.840333	0.708323
1.989200	-1.753366	0.914795	0.706408	0.358395	0.837546	0.703738
1.994200	-1.749807	0.913290	0.712139	0.363821	0.834808	0.699195
1.999200	-1.746106	0.911548	0.724480	0.384383	0.831670	0.694080
2.004200	-1.742617	0.909991	0.732797	0.399225	0.828865	0.689511
2.009200	-1.738774	0.908158	0.742666	0.417484	0.825570	0.684165
2.014200	-1.735065	0.906484	0.753046	0.429287	0.822557	0.679271
2.019200	-1.731218	0.904633	0.765242	0.450661	0.819250	0.673963
2.024200	-1.727310	0.902782	0.775209	0.466450	0.815938	0.668638
2.029200	-1.723577	0.901070	0.782631	0.476975	0.812872	0.663708
2.034200	-1.719555	0.899086	0.795200	0.505479	0.809361	0.658168
2.039200	-1.715562	0.897069	0.807887	0.538674	0.805806	0.652597
2.044200	-1.711523	0.895095	0.817165	0.552381	0.802298	0.647045
2.049200	-1.707580	0.893244	0.826572	0.568322	0.799023	0.641886
2.054200	-1.703387	0.891059	0.839704	0.599210	0.795188	0.635941
2.059200	-1.698979	0.888794	0.853070	0.632009	0.791226	0.629829
2.064200	-1.694812	0.886647	0.865521	0.652551	0.787459	0.624000
2.069200	-1.690199	0.884056	0.878296	0.727656	0.783025	0.617350
2.074200	-1.685882	0.881922	0.889845	0.721284	0.779248	0.611494
2.079200	-1.681737	0.879789	0.899491	0.745064	0.775542	0.605861
2.084200	-1.677010	0.877109	0.919958	0.815275	0.770980	0.599126
2.089200	-1.672190	0.874283	0.935541	0.913608	0.766235	0.592161
2.094200	-1.667302	0.871618	0.948729	0.908716	0.761577	0.585184
2.099200	-1.662950	0.869330	0.957934	0.927556	0.757637	0.579307
2.104200	-1.658023	0.866368	0.974978	1.002477	0.752653	0.572134
2.109200	-1.653069	0.863229	0.993405	1.174989	0.747584	0.564994
2.114200	-1.648009	0.860557	1.009229	1.101318	0.742831	0.557920
2.119200	-1.643052	0.857623	1.019053	1.156074	0.737910	0.550879
2.124200	-1.637855	0.854128	1.043332	1.275858	0.732181	0.542962
2.129200	-1.632731	0.851052	1.055376	1.334591	0.727065	0.535728
2.134200	-1.627282	0.847453	1.075995	1.435242	0.721168	0.527637
2.139200	-1.621798	0.843967	1.094480	1.515821	0.715447	0.519755
2.144200	-1.616432	0.840278	1.117995	1.669933	0.709564	0.511927
2.149200	-1.610546	0.836128	1.140647	1.898007	0.703093	0.503469
2.154200	-1.604944	0.832320	1.162072	1.936665	0.696831	0.495083
2.159200	-1.598925	0.828080	1.183564	2.133724	0.690216	0.486474
2.164200	-1.592887	0.823433	1.204790	2.304458	0.682913	0.477134
2.169200	-1.586989	0.818672	1.236438	2.651761	0.675841	0.468404
2.174200	-1.580820	0.814391	1.248766	2.736320	0.669042	0.459589
2.179200	-1.574335	0.809269	1.275869	2.891266	0.661069	0.449661
2.184200	-1.567714	0.803045	1.319533	3.409647	0.652154	0.439397
2.189200	-1.561311	0.798292	1.337142	3.546809	0.644853	0.430486
2.194200	-1.554429	0.791406	1.377079	4.220371	0.635367	0.419881
2.199200	-1.547575	0.785655	1.407622	4.495880	0.626909	0.409976
2.204200	-1.540715	0.779873	1.423410	4.601804	0.618108	0.399539
2.209200	-1.533534	0.772914	1.453108	5.123232	0.608448	0.388931
2.214200	-1.526012	0.765186	1.492722	5.678086	0.597788	0.377480
2.219200	-1.518066	0.757050	1.525380	6.230919	0.586629	0.365540
2.224200	-1.511008	0.750135	1.554793	6.752247	0.577369	0.355869
2.229200	-1.501732	0.738253	1.613759	7.908015	0.562232	0.341077
2.234200	-1.494488	0.731667	1.627731	8.064068	0.552931	0.331189
2.239200	-1.486131	0.721960	1.670725	8.857315	0.540594	0.319219
2.244200	-1.479128	0.714756	1.692732	9.285854	0.531227	0.309950
2.249200	-1.469006	0.700347	1.745467	10.646086	0.513870	0.294393
2.254200	-1.461540	0.692661	1.749260	10.911516	0.503799	0.284553
2.259200	-1.452367	0.680984	1.788577	11.771519	0.489710	0.271964
2.264200	-1.443013	0.666815	1.824639	13.103886	0.473616	0.258437
2.269200	-1.433580	0.654350	1.842383	13.830018	0.458822	0.245698
2.274200	-1.424667	0.642596	1.858338	14.519242	0.445175	0.234169
2.279200	-1.415311	0.628496	1.872466	15.507872	0.429525	0.221599
2.284200	-1.405178	0.613363	1.900421	16.565027	0.413165	0.208869
2.289200	-1.396543	0.601957	1.891196	16.897148	0.400127	0.198373
2.294200	-1.387187	0.586740	1.907995	17.983737	0.384555	0.187099
2.299200	-1.377154	0.570042	1.899810	18.618465	0.366752	0.173868
2.304200	-1.368114	0.558041	1.891348	18.964865	0.354085	0.164586
2.309200	-1.358021	0.540838	1.877341	19.709354	0.336952	0.152704
2.314200	-1.349087	0.526879	1.862446	19.996178	0.322792	0.142976
2.319200	-1.338795	0.509424	1.830357	20.342391	0.305585	0.131399
2.324200	-1.330304	0.497797	1.820151	20.450015	0.294218	0.124018
2.329200	-1.321793	0.483417	1.788684	20.629709	0.280616	0.115440
2.334200	-1.312944	0.470268	1.753419	20.434486	0.267732	0.107056
2.339200	-1.303267	0.451821	1.719287	20.745180	0.251532	0.097731
2.344200	-1.294709	0.438651	1.676384	20.401592	0.239119	0.090120
2.349200	-1.286021	0.422928	1.652622	20.504027	0.225907	0.083071
2.354200	-1.277831	0.410494	1.614701	20.068610	0.214643	0.076551
2.359200	-1.270628	0.399710	1.578851	19.860536	0.205525	0.071658
2.364200	-1.263409	0.389810	1.534575	19.368172	0.196669	0.066620
2.369200	-1.255508	0.377611	1.503669	18.976018	0.186494	0.061338
2.374200	-1.248623	0.367347	1.471947	18.557481	0.177970	0.056979
2.379200	-1.240124	0.353305	1.415111	18.003344	0.166654	0.051338
2.384200	-1.233233	0.342535	1.384024	17.529249	0.158144	0.047307
2.389200	-1.226740	0.333892	1.351603	17.069739	0.151311	0.043998
2.394200	-1.220470	0.326128	1.323411	16.646200	0.145280	0.041209
2.399200	-1.213727	0.316988	1.283443	16.017514	0.138010	0.037787
2.404200	-1.207007	0.306027	1.253351	15.540948	0.130140	0.034504
2.409200	-1.200961	0.300047	1.224054	15.003262	0.125327	0.032259
2.414200	-1.194599	0.291257	1.199621	14.494008	0.119002	0.029669
2.419200	-1.189627	0.285775	1.176030	14.087844	0.114950	0.027979
2.424200	-1.183518	0.278888	1.152891	13.692222	0.110193	0.026078
2.429200	-1.177382	0.269317	1.123416	13.140096	0.103703	0.023659
2.434200	-1.171943	0.263682	1.098265	12.695712	0.099708	0.022072
2.439200	-1.166608	0.257839	1.077965	12.273356	0.095716	0.020553
2.444200	-1.161166	0.251830	1.066990	11.902081	0.091827	0.019220
2.449200	-1.156078	0.246400	1.038041	11.471183	0.088150	0.017848
2.454200	-1.151044	0.241804	1.022076	11.204393	0.085322	0.016921
2.459200	-1.145826	0.236240	1.003950	10.802420	0.081752	0.015702
2.464200	-1.141051	0.232437	0.994752	10.486400	0.079262	0.014867
2.469200	-1.135840	0.226348	0.972616	10.053529	0.075476	0.013668
2.474200	-1.130936	0.221600	0.959049	9.738966	0.072638	0.012804
2.479200	-1.125917	0.215818	0.937191	9.295377	0.069082	0.011714
2.484200	-1.121835	0.213530	0.923826	9.117025	0.067713	0.011259
2.489200	-1.117182	0.210282	0.914534	8.942309	0.065956	0.010817
2.494200	-1.112723	0.205078	0.901153	8.538667	0.062855	0.009911
2.499200	-1.108217	0.202269	0.888348	8.252172	0.061053	0.009342
2.504200	-1.103450	0.197024	0.874828	7.980599	0.058335	0.008653
2.509200	-1.099526	0.194845	0.862511	7.770564	0.057006	0.008272
2.514200	-1.094894	0.191106	0.847583	7.521529	0.054989	0.007767
2.519200	-1.090793	0.188650	0.841834	7.344185	0.053657	0.007443
2.524200	-1.086496	0.185257	0.831638	7.061649	0.051727	0.006906
2.529200	-1.082392	0.182690	0.823203	6.883515	0.050378	0.006595
2.534200	-1.078509	0.180403	0.813095	6.761916	0.049280	0.006358
2.539200	-1.074302	0.177215	0.801776	6.543262	0.047630	0.005962
2.544200	-1.070242	0.174306	0.794784	6.360070	0.046185	0.005666
2.549200	-1.066321	0.171944	0.783300	6.201102	0.045002	0.005383
2.554200	-1.062611	0.170577	0.776989	6.069547	0.044236	0.005206
2.559200	-1.058460	0.167102	0.766810	5.879280	0.042617	0.004876
2.564200	-1.054884	0.165402	0.761267	5.730940	0.041709	0.004666
2.569200	-1.051021	0.162783	0.751498	5.569179	0.040471	0.004414
2.574200	-1.047244	0.161231	0.747925	5.450761	0.039698	0.004246
2.579200	-1.043400	0.158746	0.739220	5.285582	0.038513	0.004011
2.584200	-1.039930	0.156754	0.728955	5.175394	0.037633	0.003854
2.589200	-1.036459	0.155797	0.723689	5.076527	0.037109	0.003729
2.594200	-1.032695	0.152405	0.715842	4.883620	0.035599	0.003463
2.599200	-1.029024	0.151226	0.709773	4.801357	0.035056	0.003365
2.604200	-1.025495	0.149659	0.704980	4.704897	0.034363	0.003243
2.609200	-1.021822	0.147154	0.694594	4.575939	0.033314	0.003068
2.614200	-1.018730	0.146277	0.689258	4.494553	0.032871	0.002976
2.619200	-1.015085	0.144451	0.685923	4.396347	0.032111	0.002860
2.624200	-1.011707	0.142963	0.676827	4.295395	0.031446	0.002746
2.629200	-1.008495	0.140993	0.670728	4.164021	0.030570	0.002585
2.634200	-1.004982	0.140491	0.667233	4.119219	0.030334	0.002546
2.639200	-1.001650	0.138197	0.656485	3.999558	0.029407	0.002406
2.644200	-0.998329	0.136962	0.652531	3.939936	0.028932	0.002337
2.649200	-0.995101	0.135836	0.647541	3.869304	0.028462	0.002265
2.654200	-0.991815	0.134401	0.643373	3.795372	0.027901	0.002179
2.659200	-0.988563	0.133165	0.636684	3.707636	0.027361	0.002095
2.664200	-0.985710	0.131460	0.632926	3.629278	0.026724	0.002014
2.669200	-0.982404	0.129982	0.624800	3.523551	0.026080	0.001908
2.674200	-0.979245	0.128885	0.622010	3.480693	0.025701	0.001868
2.679200	-0.976175	0.128509	0.614813	3.433945	0.025499	0.001830
2.684200	-0.973241	0.127053	0.611418	3.375540	0.024991	0.001764
2.689200	-0.970177	0.125753	0.606755	3.310918	0.024509	0.001708
2.694200	-0.967011	0.125083	0.601965	3.255274	0.024211	0.001658
2.699200	-0.963981	0.123281	0.598255	3.175058	0.023567	0.001582
2.704200	-0.961181	0.122385	0.591942	3.116318	0.023208	0.001531
2.709200	-0.958142	0.121215	0.586556	3.044752	0.022749	0.001472
2.714200	-0.955218	0.120495	0.585164	3.016702	0.022515	0.001445
2.719200	-0.952301	0.119395	0.579709	2.955797	0.022104	0.001394
2.724200	-0.949319	0.118636	0.575790	2.913546	0.021826	0.001362
2.729200	-0.946370	0.117444	0.569951	2.847988	0.021384	0.001303
2.734200	-0.943570	0.116419	0.564899	2.805307	0.021044	0.001267
2.739200	-0.940699	0.115504	0.561105	2.748648	0.020694	0.001225
2.744200	-0.937949	0.114913	0.558718	2.722869	0.020502	0.001205
2.749200	-0.934924	0.113714	0.552847	2.662788	0.020080	0.001154
2.754200	-0.932386	0.112783	0.547649	2.611220	0.019743	0.001116
2.759200	-0.929615	0.112185	0.545739	2.576080	0.019527	0.001092
2.764200	-0.927001	0.111700	0.542126	2.552875	0.019368	0.001076
2.769200	-0.924624	0.110882	0.539322	2.511406	0.019086	0.001047
2.774200	-0.921756	0.110210	0.536918	2.482816	0.018873	0.001024
2.779200	-0.919021	0.109124	0.529775	2.428180	0.018498	0.000985
2.784200	-0.916360	0.108073	0.526983	2.394240	0.018190	0.000956
2.789200	-0.913730	0.107469	0.521616	2.354570	0.017963	0.000932
2.794200	-0.911137	0.106684	0.520258	2.319648	0.017711	0.000907
2.799200	-0.908551	0.106126	0.516280	2.277733	0.017489	0.000880
2.804200	-0.905910	0.105377	0.512683	2.253230	0.017275	0.000863
2.809200	-0.903294	0.104374	0.509265	2.211260	0.016960	0.000832
