1.000000	-1.997156	0.999277	0.022344	0.001489	0.998557	0.997121
1.010000	-1.997066	0.999252	0.023665	0.001633	0.998506	0.997021
1.020000	-1.996715	0.999156	0.023424	0.001637	0.998315	0.996639
1.030000	-1.996332	0.999057	0.029534	0.002054	0.998116	0.996244
1.040000	-1.996051	0.998992	0.029281	0.002042	0.997987	0.995987
1.050000	-1.995891	0.998941	0.030886	0.002240	0.997886	0.995786
1.060000	-1.995156	0.998756	0.036551	0.002658	0.997516	0.995049
1.070000	-1.995055	0.998732	0.035173	0.002620	0.997469	0.994956
1.080000	-1.994590	0.998609	0.038189	0.002839	0.997224	0.994467
1.090000	-1.994594	0.998613	0.038251	0.002831	0.997231	0.994483
1.100000	-1.993973	0.998443	0.043442	0.003337	0.996893	0.993809
1.110000	-1.993457	0.998326	0.043820	0.003331	0.996659	0.993343
1.120000	-1.992973	0.998174	0.048736	0.003874	0.996355	0.992741
1.130000	-1.992316	0.998020	0.050194	0.003940	0.996047	0.992128
1.140000	-1.992105	0.997963	0.047618	0.003835	0.995934	0.991902
1.150000	-1.991594	0.997832	0.053909	0.004402	0.995674	0.991386
1.160000	-1.991402	0.997781	0.052144	0.004221	0.995572	0.991183
1.170000	-1.990934	0.997658	0.055678	0.004619	0.995327	0.990697
1.180000	-1.989574	0.997295	0.066426	0.005577	0.994604	0.989262
1.190000	-1.989371	0.997213	0.065399	0.005944	0.994440	0.988939
1.200000	-1.988320	0.996943	0.068792	0.006119	0.993903	0.987872
1.210000	-1.987461	0.996717	0.068834	0.006131	0.993452	0.986975
1.220000	-1.987516	0.996719	0.071570	0.006563	0.993456	0.986986
1.230000	-1.986168	0.996367	0.078206	0.007147	0.992756	0.985599
1.240000	-1.985238	0.996115	0.082334	0.007721	0.992255	0.984607
1.250000	-1.984602	0.995955	0.086366	0.008587	0.991937	0.983980
1.260000	-1.984305	0.995857	0.085444	0.008248	0.991742	0.983593
1.270000	-1.983168	0.995582	0.084490	0.008044	0.991194	0.982504
1.280000	-1.982094	0.995281	0.095396	0.009201	0.990596	0.981326
1.290000	-1.981012	0.994969	0.102661	0.010266	0.989976	0.980103
1.300000	-1.979695	0.994609	0.096808	0.009863	0.989260	0.978685
1.310000	-1.979441	0.994563	0.104833	0.010649	0.989168	0.978507
1.320000	-1.977773	0.994094	0.108596	0.011273	0.988237	0.976669
1.330000	-1.976781	0.993826	0.112295	0.011687	0.987706	0.975622
1.340000	-1.975340	0.993383	0.125211	0.013793	0.986827	0.973899
1.350000	-1.974730	0.993244	0.116213	0.012923	0.986551	0.973350
1.360000	-1.972910	0.992750	0.124104	0.013778	0.985571	0.971422
1.370000	-1.972215	0.992557	0.124176	0.013570	0.985187	0.970664
1.380000	-1.970508	0.992049	0.127103	0.014470	0.984180	0.968688
1.390000	-1.969773	0.991898	0.141308	0.015721	0.983884	0.968111
1.400000	-1.967754	0.991305	0.136161	0.015937	0.982707	0.965798
1.410000	-1.966711	0.990941	0.157716	0.019046	0.981991	0.964409
1.420000	-1.964844	0.990500	0.152794	0.018077	0.981115	0.962685
1.430000	-1.963898	0.990184	0.150125	0.018989	0.980490	0.961464
1.440000	-1.962121	0.989680	0.160599	0.019833	0.979494	0.959517
1.450000	-1.960383	0.989209	0.167641	0.021550	0.978565	0.957708
1.460000	-1.957980	0.988488	0.169620	0.022894	0.977142	0.954933
1.470000	-1.957789	0.988502	0.167034	0.021137	0.977166	0.954972
1.480000	-1.953820	0.987336	0.176754	0.023991	0.974867	0.950500
1.490000	-1.953887	0.987309	0.179194	0.024449	0.974814	0.950400
1.500000	-1.949816	0.986104	0.196525	0.028020	0.972441	0.945801
1.510000	-1.948809	0.985762	0.212038	0.030391	0.971771	0.944512
1.520000	-1.945574	0.984932	0.201660	0.028844	0.970133	0.941324
1.530000	-1.945336	0.984814	0.211644	0.029357	0.969903	0.940882
1.540000	-1.943555	0.984268	0.207702	0.029809	0.968827	0.938800
1.550000	-1.940469	0.983402	0.216366	0.031719	0.967128	0.935522
1.560000	-1.939887	0.983176	0.225359	0.034693	0.966687	0.934688
1.570000	-1.936375	0.982072	0.233180	0.037532	0.964523	0.930526
1.580000	-1.933801	0.981322	0.256095	0.039646	0.963055	0.927709
1.590000	-1.930250	0.980166	0.265437	0.044106	0.960794	0.923386
1.600000	-1.930461	0.980303	0.247563	0.041035	0.961058	0.923877
1.610000	-1.925297	0.978631	0.278952	0.048349	0.957794	0.917659
1.620000	-1.921172	0.977477	0.306568	0.051763	0.955542	0.913372
1.630000	-1.920340	0.977215	0.287027	0.049407	0.955027	0.912376
1.640000	-1.917035	0.976227	0.284219	0.050096	0.953099	0.908701
1.650000	-1.913836	0.975088	0.330651	0.061068	0.950895	0.904572
1.660000	-1.911977	0.974566	0.306165	0.054738	0.949868	0.902585
1.670000	-1.908637	0.973414	0.314056	0.059196	0.947631	0.898369
1.680000	-1.904484	0.972309	0.350288	0.062426	0.945486	0.894330
1.690000	-1.899793	0.970523	0.332176	0.068744	0.942029	0.887843
1.700000	-1.898098	0.970113	0.310172	0.062373	0.941223	0.886289
1.710000	-1.894047	0.968861	0.360114	0.072546	0.938813	0.881822
1.720000	-1.890504	0.967475	0.370133	0.078771	0.936139	0.876849
1.730000	-1.888969	0.966848	0.372414	0.081885	0.934933	0.874612
1.740000	-1.883941	0.965500	0.371455	0.084481	0.932334	0.869775
1.750000	-1.878387	0.963533	0.375599	0.082908	0.928538	0.862705
1.760000	-1.876020	0.962883	0.426958	0.096635	0.927309	0.860512
1.770000	-1.871852	0.961336	0.402434	0.104649	0.924348	0.855075
1.780000	-1.868285	0.960201	0.415125	0.093870	0.922149	0.850956
1.790000	-1.863699	0.958705	0.406918	0.095951	0.919283	0.845694
1.800000	-1.859441	0.956994	0.477598	0.119303	0.916047	0.839902
1.810000	-1.854555	0.955107	0.443740	0.123677	0.912449	0.833351
1.820000	-1.852668	0.954359	0.427479	0.115266	0.911007	0.830671
1.830000	-1.847656	0.952652	0.500659	0.137947	0.907793	0.824970
1.840000	-1.840891	0.950129	0.478046	0.148210	0.903011	0.816374
1.850000	-1.835328	0.948225	0.482221	0.139117	0.899381	0.809780
1.860000	-1.830750	0.946654	0.536570	0.161553	0.896448	0.804655
1.870000	-1.823930	0.943730	0.528381	0.175894	0.890948	0.794908
1.880000	-1.821387	0.943107	0.506625	0.159604	0.889745	0.792674
1.890000	-1.814988	0.940400	0.566155	0.188082	0.884700	0.783903
1.900000	-1.810715	0.938896	0.482783	0.168540	0.881839	0.778729
1.910000	-1.803422	0.935693	0.583707	0.238403	0.875967	0.768831
1.920000	-1.800496	0.935236	0.563116	0.200996	0.875044	0.766994
1.930000	-1.793535	0.931674	0.602281	0.231834	0.868453	0.755701
1.940000	-1.787477	0.929504	0.588844	0.233185	0.864419	0.748717
1.950000	-1.780020	0.926520	0.685716	0.277037	0.858966	0.739596
1.960000	-1.773449	0.923963	0.654565	0.267276	0.854219	0.731410
1.970000	-1.768129	0.920998	0.643054	0.324158	0.848861	0.722620
1.980000	-1.762488	0.919170	0.702823	0.325148	0.845502	0.716935
1.990000	-1.752141	0.913852	0.701252	0.400809	0.835904	0.701214
2.000000	-1.740879	0.908799	0.791175	0.468172	0.826830	0.686525
2.010000	-1.739758	0.908725	0.755276	0.400485	0.826567	0.685732
2.020000	-1.731219	0.905000	0.731680	0.409035	0.819832	0.674683
2.030000	-1.722742	0.899762	0.778128	0.537585	0.810637	0.660426
2.040000	-1.715574	0.896553	0.810791	0.537055	0.804877	0.651107
2.050000	-1.709328	0.893838	0.881745	0.612868	0.800173	0.644000
2.060000	-1.694566	0.886086	0.918760	0.686948	0.786530	0.622762
2.070000	-1.688102	0.882441	0.876684	0.804544	0.780329	0.613540
2.080000	-1.682195	0.880313	0.908044	0.720439	0.776413	0.607134
2.090000	-1.671387	0.874576	0.921437	0.755405	0.766425	0.591870
2.100000	-1.667594	0.871938	0.908627	0.803931	0.761924	0.585265
2.110000	-1.653453	0.865174	0.988408	0.912981	0.750407	0.568435
2.120000	-1.643711	0.858354	1.016466	1.069961	0.738986	0.552145
2.130000	-1.630746	0.850498	1.021248	1.101397	0.725638	0.532787
2.140000	-1.620723	0.845322	1.094971	1.334260	0.717358	0.521909
2.150000	-1.611402	0.836824	1.163486	1.606606	0.703648	0.503628
2.160000	-1.595340	0.822400	1.222797	3.104760	0.682892	0.479155
2.170000	-1.592098	0.824398	1.246821	2.112557	0.684110	0.478443
2.180000	-1.572406	0.807832	1.236654	2.703533	0.658348	0.446158
2.190000	-1.559031	0.798514	1.392757	2.762837	0.643533	0.427271
2.200000	-1.547953	0.786592	1.446448	4.173684	0.627694	0.411076
2.210000	-1.533879	0.776672	1.401474	4.274840	0.612445	0.391659
2.220000	-1.524641	0.770521	1.338889	3.664323	0.601647	0.377624
2.230000	-1.509871	0.755943	1.348664	4.679602	0.581641	0.356352
2.240000	-1.481016	0.707656	1.859537	12.097042	0.527240	0.310938
2.250000	-1.468930	0.706488	1.787407	9.388765	0.519755	0.298900
2.260000	-1.445703	0.662744	1.902704	13.736835	0.469547	0.256804
2.270000	-1.430160	0.638082	1.838432	16.273763	0.443224	0.235020
2.280000	-1.411508	0.616246	1.877568	16.861797	0.417303	0.212666
2.290000	-1.394027	0.598187	1.914063	17.941905	0.397952	0.197429
2.300000	-1.378508	0.570232	1.850897	18.395318	0.366483	0.173214
2.310000	-1.364457	0.556328	1.851857	19.143798	0.352687	0.163011
2.320000	-1.332656	0.497859	1.758307	20.904905	0.295227	0.124653
2.330000	-1.323543	0.486703	1.776456	21.258562	0.285251	0.118854
2.340000	-1.299902	0.439549	1.681055	21.234156	0.241727	0.092545
2.350000	-1.285359	0.426238	1.772520	21.115318	0.230137	0.087040
2.360000	-1.273359	0.404230	1.611156	19.980984	0.209452	0.072985
2.370000	-1.254199	0.376861	1.454699	18.174191	0.184088	0.059885
2.380000	-1.238441	0.355137	1.454014	18.251876	0.168543	0.052339
2.390000	-1.227562	0.335199	1.305673	16.160577	0.150077	0.042743
2.400000	-1.210133	0.295898	1.165467	15.640703	0.124214	0.032463
2.410000	-1.200621	0.311660	1.286065	15.770486	0.134248	0.036217
2.420000	-1.193262	0.296945	1.273477	15.644478	0.125149	0.033046
2.430000	-1.184883	0.288141	1.150388	14.228908	0.116791	0.028589
2.440000	-1.163426	0.253926	1.070267	11.585944	0.092085	0.018787
2.450000	-1.150680	0.241881	1.057696	10.327443	0.083216	0.015692
2.460000	-1.141160	0.234008	0.994206	11.047118	0.081299	0.015839
2.470000	-1.134387	0.225582	0.913555	9.718291	0.074329	0.013179
2.480000	-1.130094	0.226781	0.895459	10.093573	0.075875	0.013437
2.490000	-1.117539	0.223365	0.961501	9.458947	0.072893	0.012591
2.500000	-1.111652	0.208508	0.802258	8.007841	0.063026	0.009671
2.510000	-1.100004	0.191750	0.863756	7.823673	0.055945	0.008397
2.520000	-1.089793	0.189928	0.792034	7.665854	0.054938	0.007600
2.530000	-1.082023	0.184512	0.872348	7.173847	0.051769	0.007004
2.540000	-1.076750	0.178463	0.823749	6.614041	0.048255	0.006167
2.550000	-1.067973	0.170629	0.818522	6.104208	0.044315	0.005237
2.560000	-1.060273	0.169250	0.712817	5.783425	0.043104	0.004783
2.570000	-1.052445	0.163535	0.797804	5.461708	0.040451	0.004388
2.580000	-1.038797	0.156697	0.710452	5.000507	0.037153	0.003611
2.590000	-1.035734	0.154783	0.778993	4.796020	0.036088	0.003341
2.600000	-1.031711	0.153207	0.723918	4.951029	0.036043	0.003687
2.610000	-1.021555	0.150469	0.694026	4.602078	0.034371	0.003128
2.620000	-1.013594	0.146201	0.624444	4.333075	0.032461	0.002894
2.630000	-1.008469	0.142053	0.705432	4.483604	0.031694	0.002830
2.640000	-0.998512	0.133766	0.680302	3.870715	0.027872	0.002225
2.650000	-0.993684	0.135381	0.650219	3.951627	0.028554	0.002288
2.660000	-0.989328	0.132145	0.633834	3.789716	0.027307	0.002161
2.670000	-0.981129	0.127371	0.643662	3.258855	0.024721	0.001706
2.680000	-0.975699	0.132271	0.628620	3.642599	0.027029	0.002036
2.690000	-0.970090	0.130766	0.648051	3.489913	0.026267	0.001925
2.700000	-0.960980	0.120252	0.659844	3.220702	0.022953	0.001547
2.710000	-0.958215	0.124998	0.565818	3.102054	0.023834	0.001558
2.720000	-0.951785	0.118813	0.580327	2.939864	0.021925	0.001394
2.730000	-0.946727	0.117291	0.567558	2.846352	0.021346	0.001358
2.740000	-0.940699	0.116666	0.576870	2.683511	0.020791	0.001223
2.750000	-0.934883	0.115570	0.582965	2.530969	0.020154	0.001171
2.760000	-0.929742	0.114182	0.528824	2.623444	0.020108	0.001166
2.770000	-0.923883	0.109430	0.492871	2.572951	0.018935	0.001089
2.780000	-0.918887	0.108432	0.525420	2.481691	0.018495	0.000995
2.790000	-0.913402	0.107354	0.541108	2.257177	0.017675	0.000893
2.800000	-0.907719	0.105908	0.518074	2.388059	0.017746	0.000979
2.810000	-0.906738	0.103367	0.498172	2.205108	0.016736	0.000844
2.820000	-0.901254	0.100623	0.530506	2.125797	0.015979	0.000737
2.830000	-0.889641	0.101885	0.481270	2.052606	0.016053	0.000709
2.840000	-0.887043	0.096072	0.473094	1.958238	0.014661	0.000655
2.850000	-0.883105	0.097633	0.486983	2.040318	0.015211	0.000706
2.860000	-0.878273	0.098078	0.481659	1.926840	0.015001	0.000649
2.870000	-0.873520	0.094986	0.489500	1.852105	0.014213	0.000595
2.880000	-0.869184	0.096070	0.433760	1.843786	0.014415	0.000611
2.890000	-0.863883	0.098666	0.479098	1.875086	0.015027	0.000637
2.900000	-0.859059	0.091162	0.434803	1.707750	0.013147	0.000551
2.910000	-0.859152	0.095781	0.452459	1.722233	0.014068	0.000579
2.920000	-0.853086	0.094984	0.445000	1.790904	0.014129	0.000569
2.930000	-0.849035	0.092814	0.439158	1.571290	0.013111	0.000491
2.940000	-0.840910	0.090688	0.440858	1.456215	0.012405	0.000422
2.950000	-0.834797	0.086869	0.419658	1.517992	0.011919	0.000427
2.960000	-0.834824	0.087307	0.392729	1.382564	0.011619	0.000389
2.970000	-0.832805	0.089229	0.387157	1.438502	0.012134	0.000401
2.980000	-0.826352	0.084270	0.394425	1.401333	0.011179	0.000373
2.990000	-0.824172	0.087348	0.398660	1.371489	0.011634	0.000371
3.000000	-0.819887	0.085275	0.397637	1.282089	0.011028	0.000324
3.010000	-0.814574	0.085334	0.387429	1.453872	0.011555	0.000392
3.020000	-0.809449	0.082355	0.403901	1.301884	0.010622	0.000312
3.030000	-0.804148	0.081373	0.375414	1.200747	0.010175	0.000294
3.040000	-0.800957	0.082338	0.369168	1.329873	0.010728	0.000355
3.050000	-0.796277	0.083115	0.390731	1.304235	0.010793	0.000329
3.060000	-0.795504	0.079594	0.385822	1.234621	0.010025	0.000306
3.070000	-0.792348	0.078756	0.328547	1.047746	0.009344	0.000236
3.080000	-0.787422	0.076121	0.345593	1.025025	0.008878	0.000223
3.090000	-0.781480	0.078025	0.360048	1.195604	0.009696	0.000282
3.100000	-0.777113	0.077090	0.340549	1.154439	0.009438	0.000279
3.110000	-0.775496	0.077957	0.366426	1.092761	0.009396	0.000248
3.120000	-0.773016	0.077184	0.363903	1.078342	0.009243	0.000237
3.130000	-0.768914	0.076203	0.347433	1.095422	0.009155	0.000256
3.140000	-0.764281	0.076617	0.343561	1.038025	0.009053	0.000225
3.150000	-0.763859	0.075408	0.341603	1.070432	0.008979	0.000249
3.160000	-0.759168	0.075465	0.330098	1.067246	0.008988	0.000254
3.170000	-0.756004	0.071869	0.337578	0.974810	0.008183	0.000216
3.180000	-0.750449	0.072432	0.332793	0.933562	0.008145	0.000192
3.190000	-0.744816	0.072824	0.319545	0.918900	0.008166	0.000183
3.200000	-0.747422	0.074637	0.307059	1.000603	0.008698	0.000222
3.210000	-0.742801	0.072727	0.314799	0.905175	0.008127	0.000189
3.220000	-0.739570	0.071184	0.315422	0.930907	0.007994	0.000191
3.230000	-0.728395	0.072691	0.303360	0.906725	0.008144	0.000186
3.240000	-0.733746	0.070555	0.328017	0.942668	0.007961	0.000182
3.250000	-0.726367	0.070596	0.317218	0.931894	0.007941	0.000204
3.260000	-0.724004	0.069475	0.300915	0.893816	0.007672	0.000185
3.270000	-0.722594	0.068404	0.317143	0.832120	0.007336	0.000158
3.280000	-0.720457	0.068416	0.329864	0.783296	0.007190	0.000145
3.290000	-0.717063	0.070418	0.292168	0.828043	0.007619	0.000171
3.300000	-0.712773	0.067182	0.279883	0.748588	0.006926	0.000128
3.310000	-0.709496	0.068707	0.298454	0.798520	0.007302	0.000154
3.320000	-0.706699	0.069883	0.290584	0.807890	0.007503	0.000157
3.330000	-0.707387	0.070170	0.295299	0.830630	0.007625	0.000166
3.340000	-0.700020	0.065496	0.272250	0.769525	0.006800	0.000141
3.350000	-0.699914	0.066395	0.284151	0.805499	0.007043	0.000152
3.360000	-0.693289	0.065633	0.270799	0.709395	0.006635	0.000126
3.370000	-0.695074	0.069072	0.276219	0.777777	0.007331	0.000153
3.380000	-0.690344	0.066590	0.272421	0.734827	0.006860	0.000128
3.390000	-0.690184	0.066402	0.281872	0.828519	0.007152	0.000163
3.400000	-0.685523	0.064146	0.280647	0.730304	0.006540	0.000127
3.410000	-0.680148	0.065545	0.266760	0.777981	0.006887	0.000148
3.420000	-0.679266	0.066363	0.256669	0.714272	0.006790	0.000132
3.430000	-0.678273	0.063156	0.264312	0.695184	0.006317	0.000121
3.440000	-0.676926	0.065600	0.266977	0.759462	0.006855	0.000145
3.450000	-0.671793	0.061020	0.246911	0.646000	0.005900	0.000110
3.460000	-0.673719	0.063805	0.239772	0.709497	0.006468	0.000132
3.470000	-0.665566	0.061984	0.252245	0.615749	0.005929	0.000104
3.480000	-0.667418	0.063717	0.262526	0.617696	0.006159	0.000104
3.490000	-0.665465	0.061254	0.257100	0.626776	0.005888	0.000103
3.500000	-0.657188	0.061383	0.266942	0.644713	0.005971	0.000112
3.510000	-0.661746	0.060596	0.244539	0.582573	0.005669	0.000092
3.520000	-0.655660	0.060672	0.242600	0.634191	0.005861	0.000106
3.530000	-0.652180	0.059227	0.228066	0.593169	0.005553	0.000092
3.540000	-0.649016	0.062207	0.243043	0.651772	0.006123	0.000120
3.550000	-0.645477	0.059537	0.229034	0.580334	0.005557	0.000089
3.560000	-0.646660	0.060787	0.224473	0.604277	0.005796	0.000103
3.570000	-0.643074	0.059797	0.227309	0.589372	0.005630	0.000095
3.580000	-0.639437	0.062432	0.242506	0.599098	0.005992	0.000100
3.590000	-0.638035	0.057461	0.224843	0.563431	0.005277	0.000084
3.600000	-0.635199	0.058162	0.223830	0.550293	0.005317	0.000082
3.610000	-0.631770	0.059531	0.241557	0.541605	0.005453	0.000084
3.620000	-0.632758	0.057990	0.232252	0.522356	0.005209	0.000078
3.630000	-0.626949	0.057832	0.221650	0.536895	0.005248	0.000083
3.640000	-0.627418	0.059125	0.230028	0.562039	0.005494	0.000087
3.650000	-0.624508	0.058967	0.211658	0.509701	0.005294	0.000080
3.660000	-0.623793	0.057660	0.216435	0.527484	0.005210	0.000076
3.670000	-0.621129	0.056729	0.204003	0.520720	0.005084	0.000078
3.680000	-0.617188	0.058246	0.211865	0.502643	0.005199	0.000077
3.690000	-0.616344	0.059111	0.222876	0.565027	0.005530	0.000093
3.700000	-0.614191	0.058418	0.227167	0.557029	0.005425	0.000091
3.710000	-0.609336	0.056836	0.201759	0.517175	0.005104	0.000079
3.720000	-0.608965	0.056404	0.209670	0.466348	0.004876	0.000065
3.730000	-0.608113	0.057408	0.204121	0.491595	0.005086	0.000074
3.740000	-0.606270	0.058178	0.207131	0.551554	0.005399	0.000086
3.750000	-0.605219	0.055262	0.209749	0.441333	0.004670	0.000060
3.760000	-0.602711	0.056463	0.204357	0.496498	0.005011	0.000076
3.770000	-0.600676	0.054145	0.206797	0.423420	0.004491	0.000055
3.780000	-0.598793	0.057285	0.194925	0.483975	0.005068	0.000073
3.790000	-0.594996	0.054074	0.191081	0.459715	0.004626	0.000066
3.800000	-0.592508	0.054385	0.200631	0.447768	0.004619	0.000063
3.810000	-0.591684	0.055051	0.205418	0.455118	0.004724	0.000067
3.820000	-0.588141	0.055066	0.181781	0.473540	0.004799	0.000067
3.830000	-0.586934	0.053781	0.179779	0.446272	0.004562	0.000060
3.840000	-0.586027	0.052939	0.181150	0.414176	0.004356	0.000054
3.850000	-0.582035	0.052900	0.191338	0.443090	0.004464	0.000060
3.860000	-0.581762	0.051363	0.194020	0.417031	0.004210	0.000054
3.870000	-0.578145	0.053275	0.188521	0.426565	0.004450	0.000060
3.880000	-0.578633	0.054795	0.185362	0.427652	0.004623	0.000059
3.890000	-0.573621	0.052547	0.174930	0.435826	0.004417	0.000063
3.900000	-0.573598	0.052299	0.189059	0.404593	0.004276	0.000051
3.910000	-0.575309	0.053057	0.175086	0.401800	0.004349	0.000053
3.920000	-0.568742	0.051436	0.193001	0.385211	0.004120	0.000050
3.930000	-0.570711	0.051590	0.184098	0.405310	0.004217	0.000052
3.940000	-0.566758	0.054336	0.171199	0.436591	0.004632	0.000063
3.950000	-0.566027	0.052625	0.171042	0.387333	0.004263	0.000053
3.960000	-0.566066	0.052291	0.184461	0.414776	0.004338	0.000059
3.970000	-0.561281	0.051670	0.180350	0.365839	0.004088	0.000048
3.980000	-0.561270	0.054232	0.183133	0.426622	0.004599	0.000065
3.990000	-0.560160	0.050656	0.179526	0.411601	0.004170	0.000056
4.000000	-0.558387	0.051299	0.174461	0.386784	0.004142	0.000052
