2.100000	-1.661948	0.868390	0.967960	1.048440	0.756251	0.577551
2.101000	-1.661212	0.868410	0.962267	0.932634	0.756049	0.576930
2.102000	-1.660213	0.867712	0.969992	0.978197	0.754932	0.575414
2.103000	-1.658874	0.866865	0.971669	0.980164	0.753468	0.573236
2.104000	-1.658247	0.866670	0.971426	0.986095	0.753143	0.572760
2.105000	-1.657124	0.865904	0.974033	0.998595	0.751843	0.570876
2.106000	-1.656246	0.865391	0.979152	1.003129	0.750965	0.569619
2.107000	-1.655118	0.864685	0.987258	1.021662	0.749783	0.567919
2.108000	-1.654210	0.864149	0.989498	1.049386	0.748913	0.566676
2.109000	-1.653020	0.863447	0.990082	1.048071	0.747699	0.564900
2.110000	-1.652106	0.863004	0.991291	1.047210	0.746934	0.563775
2.111000	-1.651623	0.862799	0.994556	1.047065	0.746581	0.563256
2.112000	-1.650743	0.862320	0.997899	1.065174	0.745792	0.562143
2.113000	-1.649407	0.861373	0.998750	1.079785	0.744192	0.559839
2.114000	-1.648228	0.860576	1.011393	1.124331	0.742913	0.558097
2.115000	-1.647241	0.859827	1.011004	1.155806	0.741690	0.556399
2.116000	-1.646343	0.859538	1.010958	1.138191	0.741157	0.555575
2.117000	-1.645354	0.858756	1.020235	1.218930	0.739982	0.554041
2.118000	-1.644366	0.858293	1.019808	1.167931	0.739083	0.552637
2.119000	-1.643171	0.857519	1.026144	1.207839	0.737838	0.550916
2.120000	-1.642337	0.857171	1.026261	1.168226	0.737160	0.549845
2.121000	-1.641001	0.856170	1.027436	1.223742	0.735562	0.547658
2.122000	-1.640188	0.855683	1.034821	1.238371	0.734760	0.546565
2.123000	-1.639141	0.855127	1.036173	1.225928	0.733783	0.545110
2.124000	-1.638039	0.854195	1.043288	1.315953	0.732378	0.543289
2.125000	-1.637127	0.853681	1.047264	1.288474	0.731445	0.541942
2.126000	-1.636451	0.853462	1.046563	1.317878	0.731133	0.541533
2.127000	-1.634636	0.852238	1.052036	1.295129	0.728999	0.538414
2.128000	-1.633620	0.851251	1.057757	1.381388	0.727500	0.536527
2.129000	-1.632791	0.851276	1.059274	1.323473	0.727423	0.536206
2.130000	-1.631809	0.850526	1.063082	1.339790	0.726182	0.534517
2.131000	-1.630872	0.849810	1.061810	1.361672	0.725010	0.532908
2.132000	-1.630093	0.849552	1.063821	1.331148	0.724511	0.532094
2.133000	-1.628407	0.848129	1.072447	1.436968	0.722316	0.529269
2.134000	-1.627120	0.846946	1.084742	1.525375	0.720497	0.526980
2.135000	-1.626153	0.846440	1.087254	1.553188	0.719700	0.525852
2.136000	-1.625528	0.846381	1.082983	1.489156	0.719468	0.525352
2.137000	-1.624059	0.845425	1.084023	1.465595	0.717802	0.522960
2.138000	-1.623258	0.845048	1.095060	1.508416	0.717255	0.522259
2.139000	-1.621928	0.843821	1.105709	1.660178	0.715501	0.520144
2.140000	-1.621051	0.843428	1.100581	1.581515	0.714675	0.518832
2.141000	-1.619789	0.842612	1.103007	1.601795	0.713345	0.517028
2.142000	-1.618321	0.841284	1.116013	1.682753	0.711279	0.514368
2.143000	-1.617172	0.840279	1.121600	1.786241	0.709808	0.512562
2.144000	-1.616719	0.840707	1.109755	1.635354	0.710212	0.512693
2.145000	-1.615629	0.840122	1.115634	1.641824	0.709244	0.511337
2.146000	-1.614219	0.838741	1.120557	1.711239	0.707072	0.508580
2.147000	-1.613380	0.838198	1.129846	1.760618	0.706268	0.507553
2.148000	-1.612011	0.837203	1.131300	1.817945	0.704722	0.505534
2.149000	-1.610915	0.836652	1.131313	1.769427	0.703699	0.504015
2.150000	-1.609523	0.835276	1.147964	1.893980	0.701662	0.501539
2.151000	-1.608609	0.834638	1.146437	1.966647	0.700751	0.500433
2.152000	-1.607407	0.834242	1.145754	1.843277	0.699833	0.498856
2.153000	-1.605889	0.832740	1.156818	1.990746	0.697641	0.496260
2.154000	-1.605430	0.832724	1.156829	1.922986	0.697474	0.495860
2.155000	-1.604297	0.832030	1.157302	1.935574	0.696347	0.494336
2.156000	-1.602929	0.830993	1.167667	2.013200	0.694788	0.492402
2.157000	-1.601791	0.830291	1.159465	1.973941	0.693541	0.490572
2.158000	-1.600141	0.828649	1.182603	2.131375	0.691151	0.487776
2.159000	-1.599073	0.828338	1.177938	2.016051	0.690394	0.486481
2.160000	-1.597891	0.827377	1.184081	2.158067	0.689105	0.484984
2.161000	-1.596653	0.826157	1.188656	2.211307	0.687202	0.482589
2.162000	-1.596028	0.826040	1.190941	2.166418	0.686916	0.482136
2.163000	-1.594841	0.825182	1.196050	2.221741	0.685619	0.480524
2.164000	-1.592420	0.822609	1.224296	2.438557	0.681840	0.476059
2.165000	-1.592187	0.823178	1.205293	2.285190	0.682454	0.476418
2.166000	-1.590687	0.821500	1.220144	2.463887	0.680074	0.473708
2.167000	-1.589602	0.820635	1.225062	2.552867	0.678845	0.472207
2.168000	-1.588753	0.820528	1.215621	2.369717	0.678283	0.471068
2.169000	-1.587102	0.819107	1.230525	2.487846	0.676206	0.468625
2.170000	-1.585872	0.818356	1.226487	2.465531	0.674931	0.466813
2.171000	-1.584493	0.817066	1.237442	2.602224	0.673114	0.464703
2.172000	-1.583398	0.816197	1.244315	2.647669	0.671794	0.463123
2.173000	-1.582326	0.815845	1.243430	2.545087	0.671004	0.461889
2.174000	-1.580788	0.814208	1.255978	2.709722	0.668687	0.459218
2.175000	-1.579845	0.813156	1.260744	2.846225	0.667268	0.457664
2.176000	-1.578635	0.812651	1.256544	2.794049	0.666340	0.456297
2.177000	-1.577845	0.812165	1.265827	2.794270	0.665553	0.455234
2.178000	-1.575850	0.810545	1.275515	2.840390	0.663025	0.452130
2.179000	-1.574948	0.809560	1.281792	2.988564	0.661747	0.450805
2.180000	-1.573174	0.808181	1.286960	3.029527	0.659606	0.448148
2.181000	-1.571902	0.807065	1.283521	3.043682	0.657837	0.445857
2.182000	-1.570975	0.806281	1.292953	3.156963	0.656816	0.444728
2.183000	-1.569851	0.805657	1.288969	3.126706	0.655749	0.443269
2.184000	-1.568230	0.804162	1.303164	3.208570	0.653519	0.440682
2.185000	-1.566806	0.802887	1.311035	3.302397	0.651675	0.438518
2.186000	-1.565993	0.802691	1.309308	3.187984	0.651119	0.437535
2.187000	-1.564113	0.800436	1.322431	3.410427	0.647982	0.434149
2.188000	-1.562371	0.798800	1.335191	3.551445	0.645670	0.431507
2.189000	-1.561814	0.798796	1.331251	3.594639	0.645760	0.431494
2.190000	-1.560709	0.797672	1.341895	3.644213	0.644075	0.429622
2.191000	-1.558996	0.795478	1.359064	3.937125	0.641209	0.426690
2.192000	-1.557518	0.795319	1.347673	3.619351	0.640279	0.424793
2.193000	-1.556472	0.793925	1.359029	3.844644	0.638550	0.423136
2.194000	-1.554374	0.791685	1.373300	4.012033	0.635362	0.419512
2.195000	-1.553172	0.790957	1.370816	3.979240	0.634142	0.417922
2.196000	-1.552554	0.790835	1.371596	3.957331	0.633906	0.417611
2.197000	-1.550798	0.788679	1.384242	4.242367	0.631116	0.414668
2.198000	-1.549033	0.787127	1.392862	4.264954	0.628724	0.411794
2.199000	-1.547853	0.786321	1.393479	4.213343	0.627349	0.410059
2.200000	-1.546342	0.784659	1.411989	4.438633	0.625226	0.407906
2.201000	-1.545331	0.784193	1.408632	4.367070	0.624346	0.406724
2.202000	-1.543703	0.782231	1.417907	4.577085	0.621728	0.403860
2.203000	-1.542508	0.781579	1.419828	4.535211	0.620623	0.402450
2.204000	-1.540683	0.780059	1.421772	4.584563	0.618360	0.399854
2.205000	-1.539640	0.779057	1.427587	4.679952	0.617007	0.398346
2.206000	-1.538042	0.777221	1.441539	4.809648	0.614435	0.395607
2.207000	-1.536314	0.775087	1.452084	5.078724	0.611705	0.392840
2.208000	-1.535735	0.775822	1.436517	4.800703	0.612252	0.392817
2.209000	-1.533521	0.772456	1.464804	5.312185	0.608148	0.388919
2.210000	-1.532350	0.771784	1.470470	5.205141	0.606884	0.387274
2.211000	-1.530387	0.769134	1.482100	5.581725	0.603618	0.384154
2.212000	-1.528595	0.767075	1.485069	5.678534	0.600671	0.380884
2.213000	-1.527589	0.766795	1.487590	5.640419	0.600165	0.380136
2.214000	-1.525757	0.764710	1.494510	5.673416	0.597047	0.376689
2.215000	-1.524934	0.764379	1.499026	5.769592	0.596755	0.376342
2.216000	-1.523147	0.762164	1.518948	5.960563	0.593793	0.373366
2.217000	-1.522138	0.761902	1.499322	5.833081	0.593124	0.372194
2.218000	-1.519441	0.757400	1.539012	6.502268	0.587739	0.367390
2.219000	-1.518681	0.757620	1.531960	6.258785	0.587551	0.366681
2.220000	-1.516704	0.755212	1.536587	6.438476	0.584304	0.363318
2.221000	-1.515422	0.754358	1.544489	6.421096	0.582983	0.361878
2.222000	-1.514118	0.753320	1.543607	6.422809	0.581429	0.359971
2.223000	-1.512550	0.752098	1.548336	6.436423	0.579624	0.357964
2.224000	-1.510423	0.748471	1.576022	7.014524	0.575444	0.354311
2.225000	-1.509284	0.747811	1.567053	6.876343	0.574163	0.352634
2.226000	-1.507834	0.745838	1.581954	7.195199	0.571916	0.350687
2.227000	-1.506598	0.745347	1.573450	7.074435	0.570928	0.349185
2.228000	-1.504902	0.743703	1.582365	7.217720	0.568798	0.347060
2.229000	-1.503362	0.741967	1.591847	7.214710	0.566219	0.344318
2.230000	-1.501856	0.740145	1.595107	7.440037	0.564017	0.342221
2.231000	-1.499366	0.735714	1.631787	8.163030	0.559061	0.338041
2.232000	-1.498210	0.735815	1.610432	7.736100	0.558285	0.336494
2.233000	-1.496880	0.735194	1.616660	7.709957	0.557323	0.335345
2.234000	-1.495435	0.732978	1.626609	8.006935	0.554725	0.332994
2.235000	-1.494092	0.732224	1.629176	7.882540	0.553356	0.331309
2.236000	-1.492082	0.728943	1.647607	8.389382	0.549676	0.328211
2.237000	-1.490746	0.728191	1.643840	8.291555	0.548376	0.326595
2.238000	-1.488796	0.725620	1.651275	8.473800	0.545045	0.323369
2.239000	-1.487198	0.723103	1.668818	8.828182	0.542182	0.320885
2.240000	-1.485209	0.721483	1.666919	8.741398	0.539659	0.317999
2.241000	-1.483635	0.718650	1.683897	9.248913	0.536699	0.315685
2.242000	-1.483256	0.719965	1.671059	8.861336	0.537751	0.316157
2.243000	-1.479169	0.712933	1.698212	9.640172	0.529389	0.308711
2.244000	-1.478699	0.713598	1.690726	9.424286	0.529875	0.308755
2.245000	-1.477130	0.711011	1.710321	9.826365	0.527080	0.306621
2.246000	-1.474280	0.706610	1.735644	10.243228	0.521765	0.301921
2.247000	-1.473279	0.706419	1.721378	10.076854	0.521140	0.300828
2.248000	-1.471096	0.702943	1.730649	10.470649	0.517115	0.297394
2.249000	-1.469531	0.701841	1.737023	10.302749	0.515209	0.295247
2.250000	-1.468597	0.700150	1.740847	10.787021	0.513912	0.294432
2.251000	-1.467487	0.699647	1.742172	10.532798	0.512659	0.292869
2.252000	-1.463369	0.692657	1.771920	11.296520	0.504617	0.286102
2.253000	-1.463038	0.694166	1.761633	10.873335	0.505790	0.286541
2.254000	-1.461493	0.692298	1.757295	10.964516	0.503411	0.284275
2.255000	-1.459012	0.687594	1.785548	11.727584	0.498611	0.280662
2.256000	-1.458091	0.687561	1.773978	11.422733	0.497906	0.279508
2.257000	-1.456854	0.687165	1.784899	11.446840	0.497426	0.278920
2.258000	-1.453632	0.680929	1.795858	12.091838	0.490328	0.273070
2.259000	-1.453091	0.681776	1.789197	11.795928	0.490841	0.273005
2.260000	-1.450916	0.678948	1.789391	11.925634	0.487291	0.269782
2.261000	-1.448479	0.674107	1.807078	12.519354	0.482063	0.265668
2.262000	-1.446786	0.671888	1.810648	12.714334	0.479519	0.263514
2.263000	-1.444549	0.668636	1.825726	12.977793	0.475755	0.260374
2.264000	-1.443049	0.667017	1.831134	13.058377	0.473783	0.258597
2.265000	-1.441481	0.665509	1.820499	13.083812	0.471842	0.256740
2.266000	-1.439471	0.663054	1.827560	13.172722	0.468790	0.253954
2.267000	-1.437128	0.658175	1.838905	13.808597	0.463764	0.250255
2.268000	-1.435924	0.657935	1.843853	13.624906	0.463055	0.249242
2.269000	-1.433000	0.652564	1.842483	14.035173	0.456939	0.244193
2.270000	-1.430234	0.646771	1.873558	14.866495	0.451268	0.240346
2.271000	-1.431005	0.651339	1.842764	13.942701	0.455164	0.242340
2.272000	-1.428682	0.647936	1.848533	14.285561	0.451517	0.239468
2.273000	-1.427532	0.647592	1.842701	14.024814	0.450506	0.238158
2.274000	-1.424394	0.640988	1.868994	14.825442	0.443788	0.233410
2.275000	-1.423316	0.639858	1.870822	14.809353	0.442319	0.232010
2.276000	-1.420861	0.636128	1.877809	15.099738	0.438221	0.228854
2.277000	-1.418829	0.633393	1.869415	15.119817	0.434808	0.225756
2.278000	-1.417962	0.633036	1.878796	15.166318	0.434473	0.225535
2.279000	-1.414990	0.627829	1.885167	15.585949	0.428857	0.221186
2.280000	-1.413066	0.625233	1.883275	15.621095	0.425698	0.218465
2.281000	-1.411226	0.621765	1.889346	16.083205	0.422417	0.216261
2.282000	-1.409219	0.619354	1.891154	16.157675	0.419607	0.213926
2.283000	-1.407634	0.617134	1.894092	16.238382	0.417058	0.211793
2.284000	-1.405496	0.613348	1.889650	16.521718	0.413047	0.208752
2.285000	-1.404003	0.611220	1.902140	16.770913	0.411013	0.207388
2.286000	-1.401633	0.608499	1.896541	16.604086	0.407339	0.204167
2.287000	-1.400239	0.605704	1.893373	16.948564	0.404730	0.202259
2.288000	-1.396798	0.599064	1.912780	17.392563	0.397739	0.197211
2.289000	-1.395455	0.597817	1.912184	17.439892	0.396369	0.196099
2.290000	-1.394871	0.598062	1.907442	17.373515	0.396531	0.196184
2.291000	-1.393474	0.596614	1.906002	17.339513	0.394742	0.194665
2.292000	-1.390844	0.592210	1.911601	17.697444	0.390325	0.191405
2.293000	-1.388671	0.589004	1.896867	17.683912	0.386524	0.188355
2.294000	-1.386304	0.584161	1.903966	18.013408	0.381599	0.184880
2.295000	-1.384358	0.581023	1.900994	18.215623	0.378412	0.182618
2.296000	-1.383919	0.582483	1.899129	17.914233	0.379453	0.183018
2.297000	-1.380994	0.575919	1.905045	18.421493	0.373005	0.178571
2.298000	-1.379988	0.575427	1.897380	18.377038	0.372357	0.177875
2.299000	-1.377192	0.571255	1.903098	18.501702	0.367871	0.174629
2.300000	-1.374853	0.566443	1.899296	18.785891	0.363053	0.171256
2.301000	-1.373814	0.566741	1.895396	18.583613	0.362954	0.170833
2.302000	-1.370107	0.558556	1.905211	19.230506	0.355216	0.165851
2.303000	-1.370337	0.560840	1.893070	18.918046	0.357089	0.166766
2.304000	-1.368545	0.559245	1.885220	18.709721	0.354852	0.164800
2.305000	-1.365436	0.551696	1.891367	19.434713	0.348116	0.160689
2.306000	-1.363013	0.547802	1.885842	19.472425	0.343938	0.157676
2.307000	-1.361806	0.545206	1.889871	19.837865	0.341943	0.156580
2.308000	-1.360164	0.544351	1.883110	19.511029	0.340294	0.154983
2.309000	-1.358631	0.541204	1.887650	19.825819	0.337607	0.153504
2.310000	-1.356582	0.537432	1.885212	19.951108	0.333840	0.150903
2.311000	-1.355306	0.537643	1.867851	19.562546	0.333210	0.149919
2.312000	-1.353859	0.535870	1.868492	19.553043	0.331303	0.148439
2.313000	-1.350857	0.529402	1.864399	19.880978	0.325174	0.144571
2.314000	-1.348528	0.524285	1.870554	20.278186	0.320699	0.141941
2.315000	-1.346860	0.522100	1.856955	20.264505	0.318401	0.140299
2.316000	-1.344844	0.519593	1.851413	20.134686	0.315516	0.138074
2.317000	-1.344209	0.519894	1.853693	20.066546	0.315695	0.138107
2.318000	-1.342769	0.517529	1.851798	20.157364	0.313466	0.136703
2.319000	-1.339717	0.511270	1.843057	20.367393	0.307522	0.132843
2.320000	-1.338623	0.510869	1.843739	20.305570	0.306992	0.132407
2.321000	-1.335766	0.505638	1.826958	20.331909	0.301754	0.128882
2.322000	-1.333612	0.501423	1.828247	20.500740	0.297912	0.126543
2.323000	-1.332386	0.500310	1.816640	20.328747	0.296427	0.125342
2.324000	-1.330254	0.495424	1.814906	20.569945	0.292129	0.122903
2.325000	-1.328234	0.492063	1.818852	20.783148	0.289314	0.121311
2.326000	-1.326794	0.490236	1.817579	20.644092	0.287224	0.119866
2.327000	-1.324824	0.486407	1.803838	20.746241	0.283737	0.117688
2.328000	-1.323004	0.484043	1.806591	20.733646	0.281435	0.116114
2.329000	-1.321702	0.482742	1.787486	20.609849	0.279916	0.114899
2.330000	-1.319736	0.479684	1.789983	20.758171	0.277330	0.113446
2.331000	-1.317737	0.476173	1.780737	20.714258	0.273894	0.111271
2.332000	-1.316100	0.472997	1.794111	20.948623	0.271434	0.110135
2.333000	-1.314443	0.470695	1.760686	20.704018	0.268724	0.108029
2.334000	-1.313267	0.469917	1.763696	20.626121	0.267835	0.107374
2.335000	-1.310965	0.464776	1.748372	20.648302	0.263101	0.104566
2.336000	-1.309699	0.463812	1.744070	20.683003	0.262305	0.104093
2.337000	-1.306854	0.457129	1.730650	20.699903	0.256208	0.100489
2.338000	-1.305643	0.456405	1.734104	20.729232	0.255635	0.100192
2.339000	-1.303642	0.453202	1.724122	20.699926	0.252674	0.098354
2.340000	-1.301293	0.449139	1.717483	20.630603	0.248870	0.096046
2.341000	-1.300935	0.449773	1.716101	20.614375	0.249423	0.096344
2.342000	-1.298958	0.446196	1.697532	20.430243	0.245817	0.094057
2.343000	-1.296840	0.440916	1.696551	20.682617	0.241730	0.092116
2.344000	-1.295762	0.441480	1.683436	20.360262	0.241510	0.091450
2.345000	-1.293913	0.437310	1.679255	20.616893	0.238454	0.089974
2.346000	-1.293203	0.437542	1.680860	20.438840	0.238269	0.089693
2.347000	-1.289788	0.430098	1.672237	20.471218	0.231904	0.086353
2.348000	-1.288512	0.428578	1.656743	20.427948	0.230519	0.085359
2.349000	-1.287890	0.430024	1.650899	20.202656	0.231264	0.085477
2.350000	-1.285603	0.423570	1.643372	20.387549	0.226199	0.083040
2.351000	-1.285095	0.425146	1.652414	20.321182	0.227404	0.083599
2.352000	-1.282005	0.419004	1.624435	20.107715	0.221750	0.080221
2.353000	-1.280969	0.416549	1.628639	20.269951	0.220091	0.079655
2.354000	-1.279688	0.415198	1.620867	20.139781	0.218687	0.078746
2.355000	-1.277874	0.413421	1.606507	19.843152	0.216553	0.077177
2.356000	-1.276502	0.410494	1.603533	19.956281	0.214420	0.076244
2.357000	-1.273566	0.404766	1.583100	19.819252	0.209455	0.073456
2.358000	-1.271969	0.401148	1.579847	19.874996	0.206686	0.072201
2.359000	-1.270104	0.398585	1.571656	19.699383	0.204252	0.070840
2.360000	-1.269479	0.399334	1.566606	19.599323	0.204638	0.070859
2.361000	-1.268202	0.397327	1.562369	19.664263	0.203208	0.070156
2.362000	-1.266219	0.392709	1.565877	19.617776	0.199472	0.068423
2.363000	-1.265114	0.392346	1.549366	19.443562	0.198804	0.067736
2.364000	-1.262768	0.386324	1.535545	19.463963	0.194181	0.065590
2.365000	-1.261130	0.385170	1.530530	19.250535	0.192816	0.064730
2.366000	-1.259825	0.382272	1.517788	19.254071	0.190619	0.063600
2.367000	-1.258847	0.383628	1.516170	19.044812	0.191193	0.063618
2.368000	-1.257878	0.381778	1.507756	18.998839	0.189689	0.062812
2.369000	-1.255377	0.377073	1.498600	18.990372	0.186118	0.061113
2.370000	-1.254314	0.375700	1.492212	18.890069	0.184871	0.060444
2.371000	-1.252774	0.372787	1.492052	18.896119	0.182723	0.059545
2.372000	-1.250991	0.369583	1.475262	18.668187	0.179835	0.057907
2.373000	-1.249685	0.368810	1.474091	18.641576	0.179221	0.057598
2.374000	-1.248679	0.366912	1.460072	18.381816	0.177240	0.056424
2.375000	-1.246394	0.362635	1.450120	18.496826	0.174404	0.055316
2.376000	-1.244676	0.359530	1.435456	18.205334	0.171504	0.053694
2.377000	-1.243173	0.356711	1.438071	18.277004	0.169669	0.053019
2.378000	-1.242780	0.359293	1.433862	18.135204	0.171207	0.053376
2.379000	-1.240938	0.354895	1.415613	17.940635	0.167631	0.051705
2.380000	-1.239640	0.354216	1.415649	17.875653	0.167016	0.051332
2.381000	-1.237440	0.348202	1.409703	17.812614	0.162662	0.049545
2.382000	-1.236642	0.347932	1.397041	17.780382	0.162417	0.049309
2.383000	-1.235185	0.346463	1.397361	17.651582	0.161115	0.048630
2.384000	-1.233775	0.343796	1.390248	17.563528	0.159086	0.047711
2.385000	-1.232021	0.341663	1.374594	17.277754	0.156976	0.046522
2.386000	-1.231248	0.341374	1.365596	17.247046	0.156723	0.046289
2.387000	-1.229031	0.336094	1.364716	17.247883	0.153165	0.044963
2.388000	-1.228166	0.336580	1.352308	17.091260	0.153143	0.044669
2.389000	-1.227420	0.336577	1.356022	17.020367	0.152993	0.044624
2.390000	-1.225848	0.333258	1.343450	16.946562	0.150614	0.043551
2.391000	-1.223960	0.329977	1.342267	16.881426	0.148302	0.042648
2.392000	-1.223290	0.328919	1.332399	16.820885	0.147480	0.042233
2.393000	-1.221779	0.326870	1.330061	16.701586	0.145874	0.041524
2.394000	-1.220541	0.326067	1.325150	16.567294	0.145052	0.041054
2.395000	-1.218431	0.320801	1.311203	16.429177	0.141339	0.039510
2.396000	-1.218040	0.322856	1.309786	16.342492	0.142475	0.039787
2.397000	-1.215962	0.318141	1.295187	16.203233	0.139143	0.038439
2.398000	-1.215104	0.317289	1.294095	16.172252	0.138545	0.038172
2.399000	-1.213726	0.315599	1.292307	16.053477	0.137212	0.037599
2.400000	-1.212281	0.314182	1.277014	15.927312	0.136040	0.037025
