1.800000	-1.859105	0.956774	0.448747	0.117662	0.915469	0.838272
1.810000	-1.854377	0.955179	0.466861	0.122461	0.912421	0.832709
1.820000	-1.850414	0.953687	0.461384	0.127141	0.909575	0.827532
1.830000	-1.845352	0.951836	0.485837	0.135519	0.906052	0.821150
1.840000	-1.840852	0.950213	0.491099	0.140582	0.902968	0.815578
1.850000	-1.835982	0.948512	0.490555	0.145503	0.899741	0.809770
1.860000	-1.830557	0.946323	0.504476	0.157297	0.895599	0.802352
1.870000	-1.825395	0.944459	0.512821	0.165766	0.892078	0.796072
1.880000	-1.820426	0.942501	0.533763	0.174630	0.888389	0.789518
1.890000	-1.815154	0.940485	0.556805	0.188767	0.884598	0.782821
1.900000	-1.809924	0.938569	0.544123	0.191342	0.881000	0.776472
1.910000	-1.803946	0.936211	0.574027	0.205198	0.876586	0.768738
1.920000	-1.797595	0.933526	0.583563	0.220189	0.871575	0.760000
1.930000	-1.791530	0.931103	0.600137	0.234111	0.867063	0.752178
1.940000	-1.785654	0.928697	0.625583	0.254284	0.862599	0.744490
1.950000	-1.779829	0.926459	0.648577	0.268025	0.858453	0.737378
1.960000	-1.772790	0.923224	0.656635	0.290414	0.852481	0.727195
1.970000	-1.766090	0.920565	0.667712	0.289298	0.847579	0.718859
1.980000	-1.759564	0.917391	0.695228	0.353518	0.841777	0.709158
1.990000	-1.752194	0.914384	0.717208	0.368916	0.836278	0.699955
2.000000	-1.745219	0.911054	0.717232	0.385332	0.830207	0.689864
2.010000	-1.737885	0.907426	0.765388	0.439108	0.823637	0.679081
2.020000	-1.730341	0.904190	0.789695	0.476405	0.817795	0.669549
2.030000	-1.722916	0.900677	0.766652	0.485743	0.811459	0.659239
2.040000	-1.714978	0.897281	0.779904	0.486551	0.805356	0.649371
2.050000	-1.706878	0.892844	0.835753	0.588278	0.797466	0.636877
2.060000	-1.697825	0.888238	0.870248	0.651508	0.789294	0.624004
2.070000	-1.689007	0.883677	0.867712	0.677501	0.781227	0.611372
2.080000	-1.679994	0.878387	0.888204	0.767427	0.771954	0.597098
2.090000	-1.671690	0.874159	0.946488	0.933360	0.764630	0.586076
2.100000	-1.661560	0.867716	0.958654	1.220845	0.753558	0.569631
2.110000	-1.653036	0.863423	1.031953	1.151397	0.746093	0.558373
2.120000	-1.641726	0.856758	0.988014	1.177365	0.734644	0.541442
2.130000	-1.631441	0.850459	1.086659	1.260424	0.723936	0.525944
2.140000	-1.621234	0.842879	1.073194	1.804315	0.711388	0.508578
2.150000	-1.609405	0.835148	1.184190	2.031379	0.698538	0.490793
2.160000	-1.599495	0.830212	1.129951	1.685254	0.690140	0.478680
2.170000	-1.587845	0.821092	1.188636	2.144737	0.675328	0.459001
2.180000	-1.572857	0.807944	1.312056	3.299257	0.654529	0.432688
2.190000	-1.561708	0.799013	1.353796	3.259459	0.640165	0.414018
2.200000	-1.544610	0.783005	1.397616	3.985150	0.615238	0.383485
2.210000	-1.535044	0.776131	1.430910	4.437537	0.604773	0.371152
2.220000	-1.515787	0.752827	1.563958	7.269660	0.570689	0.333670
2.230000	-1.494088	0.705651	1.928483	25.691946	0.511931	0.282297
2.240000	-1.483356	0.714010	1.774287	12.055895	0.516403	0.278328
2.250000	-1.444897	0.594840	2.455236	67.724998	0.391037	0.186661
2.260000	-1.441321	0.630973	2.206145	47.711104	0.424451	0.204448
2.270000	-1.412817	0.543999	2.621704	68.734137	0.334027	0.146188
2.280000	-1.391180	0.491680	2.368414	82.027812	0.287409	0.114305
2.290000	-1.388756	0.552658	2.008581	40.466950	0.328055	0.128621
2.300000	-1.346508	0.374110	2.139548	78.734874	0.184169	0.059059
2.310000	-1.339378	0.421875	2.063553	63.916742	0.214025	0.068059
2.320000	-1.317361	0.359394	1.962179	56.593749	0.161219	0.043142
2.330000	-1.300057	0.307857	1.626259	56.529124	0.126932	0.029805
2.340000	-1.285445	0.274605	1.457476	45.846680	0.101600	0.020466
2.350000	-1.263545	0.195677	1.291518	38.134640	0.060169	0.009780
2.360000	-1.255472	0.236631	1.462341	39.988243	0.079034	0.014200
2.370000	-1.241986	0.211551	1.347926	37.692468	0.066563	0.010608
2.380000	-1.228464	0.193250	1.275800	30.872096	0.055284	0.007357
2.390000	-1.216847	0.155752	1.213830	25.159522	0.038939	0.004471
2.400000	-1.203495	0.137574	1.089425	18.174705	0.029576	0.002478
2.410000	-1.194060	0.169846	1.086546	24.050928	0.042999	0.004454
2.420000	-1.181003	0.137570	1.060223	17.979186	0.029548	0.002417
2.430000	-1.173201	0.128878	0.999032	15.683540	0.025914	0.001880
2.440000	-1.162194	0.126300	1.027756	14.460179	0.024566	0.001658
2.450000	-1.152779	0.122619	0.971311	13.853287	0.023322	0.001509
2.460000	-1.141890	0.122636	0.986410	12.265353	0.022406	0.001277
2.470000	-1.133188	0.115130	0.932084	11.494658	0.020186	0.001087
2.480000	-1.124002	0.110120	0.896319	11.178629	0.018895	0.001008
2.490000	-1.115530	0.104613	0.851662	9.372287	0.016641	0.000749
2.500000	-1.106007	0.103420	0.854964	9.812607	0.016685	0.000780
2.510000	-1.098441	0.097211	0.857316	8.527263	0.014675	0.000616
2.520000	-1.088957	0.091396	0.852285	7.761933	0.013129	0.000500
2.530000	-1.081647	0.092253	0.803560	7.665290	0.013245	0.000500
2.540000	-1.073394	0.083279	0.818545	6.218812	0.010792	0.000327
2.550000	-1.065027	0.089350	0.755615	6.814516	0.012226	0.000420
2.560000	-1.057079	0.082072	0.738677	5.922078	0.010437	0.000306
2.570000	-1.050762	0.086452	0.758774	6.490617	0.011546	0.000384
2.580000	-1.044030	0.081253	0.728616	5.722847	0.010207	0.000301
2.590000	-1.035903	0.074444	0.709840	4.866304	0.008619	0.000210
2.600000	-1.027947	0.076022	0.712559	5.157210	0.009053	0.000246
2.610000	-1.020818	0.072478	0.703167	4.663420	0.008225	0.000197
2.620000	-1.013580	0.070458	0.688056	4.375303	0.007763	0.000174
2.630000	-1.006600	0.070619	0.674026	4.573788	0.007924	0.000196
2.640000	-1.001898	0.067582	0.656034	3.921168	0.007095	0.000147
2.650000	-0.994693	0.068765	0.632730	4.132488	0.007402	0.000160
2.660000	-0.988166	0.065874	0.631658	3.899953	0.006872	0.000140
2.670000	-0.980840	0.061635	0.619403	3.299574	0.005950	0.000105
2.680000	-0.976155	0.063567	0.633856	3.439828	0.006291	0.000115
2.690000	-0.970147	0.062436	0.598898	3.461555	0.006172	0.000119
2.700000	-0.963539	0.063975	0.584687	3.462581	0.006375	0.000118
2.710000	-0.957068	0.061613	0.583402	3.224781	0.005930	0.000103
2.720000	-0.952543	0.060520	0.590774	3.225516	0.005805	0.000101
2.730000	-0.946227	0.058903	0.557570	2.927403	0.005421	0.000086
2.740000	-0.940173	0.057900	0.573610	2.814104	0.005235	0.000079
2.750000	-0.934650	0.057148	0.567812	2.771252	0.005126	0.000080
2.760000	-0.929124	0.054279	0.528398	2.355112	0.004533	0.000058
2.770000	-0.923630	0.055879	0.528488	2.598287	0.004880	0.000071
2.780000	-0.918108	0.053506	0.538253	2.407836	0.004497	0.000060
2.790000	-0.912952	0.054786	0.518332	2.586507	0.004763	0.000069
2.800000	-0.906980	0.053329	0.514208	2.316198	0.004427	0.000057
2.810000	-0.902723	0.052519	0.515619	2.287058	0.004327	0.000056
2.820000	-0.898246	0.051001	0.493325	2.081656	0.004034	0.000047
2.830000	-0.893171	0.050600	0.493249	2.120351	0.004025	0.000048
2.840000	-0.887833	0.050501	0.484875	2.090831	0.004000	0.000047
2.850000	-0.883368	0.049015	0.485253	1.992012	0.003789	0.000044
2.860000	-0.878477	0.047536	0.483003	1.907816	0.003592	0.000040
2.870000	-0.873329	0.049751	0.472426	2.001635	0.003878	0.000044
2.880000	-0.869115	0.047127	0.456929	1.810640	0.003494	0.000036
2.890000	-0.864553	0.047069	0.461499	1.769384	0.003464	0.000035
2.900000	-0.859490	0.046213	0.449676	1.731364	0.003362	0.000034
2.910000	-0.855452	0.046652	0.459966	1.721852	0.003400	0.000034
2.920000	-0.851901	0.046486	0.444400	1.738075	0.003400	0.000035
2.930000	-0.847042	0.045491	0.426940	1.646977	0.003248	0.000031
2.940000	-0.841859	0.045073	0.420079	1.554778	0.003148	0.000028
2.950000	-0.836672	0.044528	0.423188	1.558804	0.003105	0.000028
2.960000	-0.832710	0.044491	0.425536	1.533415	0.003088	0.000028
2.970000	-0.830028	0.042510	0.431908	1.407264	0.002827	0.000024
2.980000	-0.825174	0.042540	0.413658	1.413208	0.002838	0.000024
2.990000	-0.821582	0.043656	0.404284	1.434101	0.002953	0.000025
3.000000	-0.816981	0.041549	0.389618	1.324465	0.002696	0.000021
