1.909200	-1.804215	0.936234	0.575403	0.208985	0.876632	0.768824
1.910200	-1.803656	0.935992	0.577614	0.210848	0.876180	0.768034
1.911200	-1.803087	0.935768	0.576919	0.211498	0.875761	0.767302
1.912200	-1.802603	0.935579	0.579131	0.212474	0.875407	0.766684
1.913200	-1.801938	0.935316	0.582476	0.214991	0.874916	0.765827
1.914200	-1.801341	0.935070	0.582923	0.216254	0.874458	0.765028
1.915200	-1.800743	0.934822	0.584087	0.217672	0.873994	0.764219
1.916200	-1.800254	0.934658	0.585612	0.217863	0.873688	0.763685
1.917200	-1.799613	0.934376	0.585913	0.219839	0.873161	0.762768
1.918200	-1.799030	0.934154	0.587737	0.221398	0.872748	0.762049
1.919200	-1.798481	0.933938	0.589292	0.222015	0.872345	0.761346
1.920200	-1.797940	0.933713	0.589478	0.223453	0.871924	0.760615
1.921200	-1.797221	0.933436	0.591557	0.224307	0.871408	0.759717
1.922200	-1.796619	0.933168	0.593686	0.226896	0.870908	0.758850
1.923200	-1.796097	0.932970	0.594311	0.228020	0.870541	0.758212
1.924200	-1.795476	0.932700	0.597150	0.230687	0.870038	0.757342
1.925200	-1.794964	0.932533	0.598620	0.230189	0.869725	0.756796
1.926200	-1.794285	0.932231	0.601747	0.232868	0.869165	0.755826
1.927200	-1.793686	0.931999	0.602115	0.234109	0.868732	0.755075
1.928200	-1.793039	0.931725	0.604063	0.236167	0.868223	0.754196
1.929200	-1.792472	0.931506	0.604107	0.236010	0.867815	0.753486
1.930200	-1.791891	0.931270	0.606060	0.238105	0.867377	0.752729
1.931200	-1.791226	0.930999	0.607292	0.239221	0.866873	0.751857
1.932200	-1.790651	0.930755	0.608138	0.241247	0.866419	0.751075
1.933200	-1.790098	0.930541	0.608903	0.242147	0.866022	0.750387
1.934200	-1.789391	0.930235	0.613216	0.244980	0.865452	0.749405
1.935200	-1.788891	0.930032	0.613982	0.246317	0.865076	0.748757
1.936200	-1.788219	0.929770	0.613585	0.246631	0.864588	0.747913
1.937200	-1.787549	0.929488	0.617965	0.249885	0.864065	0.747015
1.938200	-1.786974	0.929257	0.616360	0.249484	0.863637	0.746274
1.939200	-1.786385	0.928989	0.620188	0.252896	0.863139	0.745421
1.940200	-1.785788	0.928769	0.621932	0.254191	0.862732	0.744719
1.941200	-1.785090	0.928462	0.624780	0.256882	0.862163	0.743743
1.942200	-1.784425	0.928196	0.623167	0.256761	0.861670	0.742891
1.943200	-1.783828	0.927943	0.627014	0.259304	0.861202	0.742090
1.944200	-1.783225	0.927700	0.627703	0.261591	0.860751	0.741317
1.945200	-1.782531	0.927417	0.630866	0.262830	0.860226	0.740416
1.946200	-1.781988	0.927181	0.631419	0.263859	0.859791	0.739669
1.947200	-1.781268	0.926877	0.632429	0.265540	0.859228	0.738703
1.948200	-1.780651	0.926616	0.633463	0.268151	0.858744	0.737877
1.949200	-1.780115	0.926415	0.635153	0.268137	0.858371	0.737237
1.950200	-1.779486	0.926128	0.638087	0.271436	0.857842	0.736334
1.951200	-1.778848	0.925839	0.638935	0.273938	0.857308	0.735422
1.952200	-1.778076	0.925518	0.641649	0.275433	0.856714	0.734406
1.953200	-1.777599	0.925357	0.642248	0.276340	0.856416	0.733898
1.954200	-1.776874	0.925016	0.643769	0.279679	0.855788	0.732827
1.955200	-1.776166	0.924740	0.645431	0.279736	0.855279	0.731955
1.956200	-1.775565	0.924473	0.646152	0.282375	0.854784	0.731114
1.957200	-1.774953	0.924221	0.647696	0.283600	0.854319	0.730322
1.958200	-1.774305	0.923942	0.648753	0.285730	0.853806	0.729447
1.959200	-1.773641	0.923680	0.652536	0.286821	0.853322	0.728624
1.960200	-1.772927	0.923338	0.656424	0.292207	0.852692	0.727558
1.961200	-1.772359	0.923124	0.658840	0.293106	0.852298	0.726886
1.962200	-1.771677	0.922823	0.656468	0.294326	0.851743	0.725943
1.963200	-1.771054	0.922565	0.659145	0.296987	0.851269	0.725141
1.964200	-1.770329	0.922248	0.660420	0.301600	0.850686	0.724154
1.965200	-1.769693	0.921997	0.662542	0.299073	0.850221	0.723361
1.966200	-1.768975	0.921670	0.663376	0.302143	0.849620	0.722343
1.967200	-1.768401	0.921429	0.664381	0.303341	0.849177	0.721592
1.968200	-1.767611	0.921074	0.666791	0.306189	0.848524	0.720489
1.969200	-1.767009	0.920813	0.669666	0.308356	0.848045	0.719679
1.970200	-1.766355	0.920537	0.669792	0.309697	0.847538	0.718822
1.971200	-1.765715	0.920267	0.672176	0.312228	0.847042	0.717986
1.972200	-1.765051	0.919979	0.674565	0.315234	0.846512	0.717094
1.973200	-1.764293	0.919639	0.678412	0.318868	0.845889	0.716044
1.974200	-1.763633	0.919378	0.677295	0.318761	0.845409	0.715232
1.975200	-1.762970	0.919074	0.679858	0.321927	0.844852	0.714296
1.976200	-1.762251	0.918754	0.682373	0.322919	0.844265	0.713305
1.977200	-1.761604	0.918464	0.681587	0.326169	0.843734	0.712415
1.978200	-1.760980	0.918199	0.682240	0.327921	0.843248	0.711596
1.979200	-1.760232	0.917863	0.688773	0.331914	0.842632	0.710566
1.980200	-1.759593	0.917597	0.687972	0.333267	0.842145	0.709746
1.981200	-1.758950	0.917305	0.690495	0.336257	0.841611	0.708852
1.982200	-1.758191	0.916983	0.692095	0.338492	0.841022	0.707865
1.983200	-1.757411	0.916614	0.695369	0.341646	0.840347	0.706735
1.984200	-1.756746	0.916335	0.695895	0.343233	0.839836	0.705878
1.985200	-1.756202	0.916123	0.696310	0.343303	0.839448	0.705228
1.986200	-1.755391	0.915712	0.698533	0.347525	0.838698	0.703974
1.987200	-1.754628	0.915351	0.701348	0.353892	0.838038	0.702879
1.988200	-1.754001	0.915116	0.701241	0.353091	0.837609	0.702158
1.989200	-1.753351	0.914829	0.704910	0.356692	0.837085	0.701286
1.990200	-1.752686	0.914547	0.705379	0.358467	0.836570	0.700428
1.991200	-1.751850	0.914165	0.708105	0.359904	0.835873	0.699265
1.992200	-1.751157	0.913838	0.709347	0.363503	0.835277	0.698273
1.993200	-1.750386	0.913481	0.711346	0.365614	0.834625	0.697187
1.994200	-1.749624	0.913169	0.713923	0.367822	0.834057	0.696244
1.995200	-1.749027	0.912880	0.713551	0.369911	0.833531	0.695370
1.996200	-1.748289	0.912522	0.718516	0.378600	0.832882	0.694301
1.997200	-1.747578	0.912214	0.721021	0.379198	0.832320	0.693367
1.998200	-1.746833	0.911884	0.722173	0.383235	0.831719	0.692373
1.999200	-1.746211	0.911615	0.723269	0.382116	0.831229	0.691556
2.000200	-1.745439	0.911254	0.725450	0.386828	0.830573	0.690473
2.001200	-1.744698	0.910926	0.725180	0.388141	0.829976	0.689483
2.002200	-1.743932	0.910564	0.727993	0.391725	0.829319	0.688400
2.003200	-1.743176	0.910201	0.732640	0.397744	0.828661	0.687317
2.004200	-1.742458	0.909893	0.732088	0.396669	0.828099	0.686385
2.005200	-1.741768	0.909557	0.737283	0.404260	0.827491	0.685390
2.006200	-1.741077	0.909261	0.738686	0.405428	0.826955	0.684505
2.007200	-1.740310	0.908891	0.738855	0.407742	0.826283	0.683397
2.008200	-1.739485	0.908510	0.742278	0.410080	0.825591	0.682258
2.009200	-1.738854	0.908268	0.744203	0.411895	0.825153	0.681538
2.010200	-1.738030	0.907861	0.745533	0.416739	0.824417	0.680331
2.011200	-1.737274	0.907514	0.745892	0.419548	0.823787	0.679298
2.012200	-1.736649	0.907237	0.747912	0.422057	0.823287	0.678477
2.013200	-1.735860	0.906844	0.752217	0.427800	0.822577	0.677318
2.014200	-1.735089	0.906500	0.753890	0.428969	0.821953	0.676293
2.015200	-1.734359	0.906147	0.755166	0.433428	0.821316	0.675254
2.016200	-1.733600	0.905814	0.756256	0.435035	0.820712	0.674265
2.017200	-1.732746	0.905399	0.758191	0.439973	0.819965	0.673046
2.018200	-1.732088	0.905122	0.757642	0.438312	0.819463	0.672220
2.019200	-1.731242	0.904669	0.761022	0.447787	0.818646	0.670897
2.020200	-1.730543	0.904399	0.766823	0.449296	0.818160	0.670103
2.021200	-1.729780	0.903996	0.768901	0.453994	0.817434	0.668923
2.022200	-1.729007	0.903647	0.769332	0.455818	0.816802	0.667894
2.023200	-1.728157	0.903216	0.771217	0.460348	0.816026	0.666633
2.024200	-1.727353	0.902829	0.774589	0.468890	0.815332	0.665513
2.025200	-1.726705	0.902571	0.775107	0.464455	0.814864	0.664743
2.026200	-1.725940	0.902140	0.778384	0.474961	0.814091	0.663500
2.027200	-1.725207	0.901852	0.778742	0.475959	0.813573	0.662660
2.028200	-1.724374	0.901406	0.780795	0.482069	0.812772	0.661365
2.029200	-1.723596	0.901024	0.783261	0.487432	0.812086	0.660260
2.030200	-1.722719	0.900622	0.787093	0.487421	0.811362	0.659083
2.031200	-1.721927	0.900244	0.787925	0.493715	0.810684	0.657993
2.032200	-1.721170	0.899834	0.793324	0.505249	0.809952	0.656824
2.033200	-1.720316	0.899461	0.792253	0.501713	0.809279	0.655729
2.034200	-1.719571	0.899068	0.793769	0.508028	0.808576	0.654601
2.035200	-1.718736	0.898677	0.800181	0.512365	0.807875	0.653475
2.036200	-1.718060	0.898358	0.798615	0.512039	0.807301	0.652547
2.037200	-1.717217	0.897966	0.799535	0.517007	0.806601	0.651424
2.038200	-1.716440	0.897546	0.801821	0.522917	0.805850	0.650222
2.039200	-1.715550	0.897142	0.805564	0.528156	0.805127	0.649066
2.040200	-1.714697	0.896703	0.808509	0.534239	0.804342	0.647811
2.041200	-1.714044	0.896396	0.808281	0.535781	0.803793	0.646930
2.042200	-1.713269	0.895997	0.812011	0.541902	0.803081	0.645796
2.043200	-1.712285	0.895505	0.815680	0.550472	0.802204	0.644401
2.044200	-1.711574	0.895191	0.818469	0.550145	0.801642	0.643499
2.045200	-1.710686	0.894700	0.820115	0.559047	0.800768	0.642112
2.046200	-1.709863	0.894298	0.822218	0.563193	0.800050	0.640967
2.047200	-1.709167	0.893945	0.824897	0.564884	0.799421	0.639964
2.048200	-1.708443	0.893600	0.825936	0.570662	0.798806	0.638991
2.049200	-1.707456	0.893136	0.826611	0.572787	0.797978	0.637671
2.050200	-1.706562	0.892696	0.829912	0.576351	0.797195	0.636428
2.051200	-1.705790	0.892310	0.831916	0.582272	0.796509	0.635344
2.052200	-1.704900	0.891828	0.833342	0.588700	0.795652	0.633988
2.053200	-1.703995	0.891308	0.841542	0.598990	0.794731	0.632538
2.054200	-1.703211	0.890952	0.842527	0.602128	0.794097	0.631535
2.055200	-1.702434	0.890581	0.842653	0.609846	0.793440	0.630504
2.056200	-1.701500	0.890111	0.845691	0.608164	0.792602	0.629173
2.057200	-1.700644	0.889618	0.845013	0.618234	0.791730	0.627806
2.058200	-1.699822	0.889224	0.849398	0.624572	0.791034	0.626712
2.059200	-1.699055	0.888845	0.850643	0.625494	0.790361	0.625650
2.060200	-1.698204	0.888398	0.853406	0.635485	0.789570	0.624416
2.061200	-1.697271	0.887882	0.858569	0.656117	0.788665	0.623016
2.062200	-1.696486	0.887504	0.857712	0.648357	0.787990	0.621942
2.063200	-1.695645	0.887107	0.862236	0.650695	0.787287	0.620838
2.064200	-1.694720	0.886618	0.865958	0.655964	0.786422	0.619485
2.065200	-1.693913	0.886201	0.867650	0.665302	0.785688	0.618343
2.066200	-1.692978	0.885699	0.868062	0.670256	0.784801	0.616958
2.067200	-1.692139	0.885276	0.871537	0.677601	0.784056	0.615799
2.068200	-1.691156	0.884723	0.873965	0.690601	0.783083	0.614293
2.069200	-1.690377	0.884320	0.875955	0.689004	0.782370	0.613175
2.070200	-1.689606	0.883994	0.880703	0.691449	0.781795	0.612280
2.071200	-1.688595	0.883379	0.881510	0.705693	0.780715	0.610611
2.072200	-1.687708	0.882871	0.884896	0.718793	0.779824	0.609240
2.073200	-1.686739	0.882395	0.886640	0.712968	0.778981	0.607918
2.074200	-1.686051	0.882047	0.889868	0.728300	0.778377	0.606998
2.075200	-1.685020	0.881409	0.894228	0.746696	0.777261	0.605288
2.076200	-1.684085	0.880898	0.893347	0.743698	0.776358	0.603882
2.077200	-1.683211	0.880454	0.900235	0.749604	0.775579	0.602682
2.078200	-1.682424	0.880070	0.901177	0.758188	0.774907	0.601652
2.079200	-1.681461	0.879579	0.904705	0.764324	0.774047	0.600328
2.080200	-1.680527	0.879081	0.904880	0.768015	0.773173	0.598980
2.081200	-1.679682	0.878608	0.913824	0.785393	0.772352	0.597737
2.082200	-1.678724	0.878061	0.914465	0.793101	0.771394	0.596267
2.083200	-1.677876	0.877609	0.914982	0.797916	0.770603	0.595056
2.084200	-1.676903	0.877067	0.915782	0.805046	0.769656	0.593607
2.085200	-1.675933	0.876560	0.922830	0.814181	0.768772	0.592260
2.086200	-1.675056	0.876059	0.922844	0.819160	0.767897	0.590923
2.087200	-1.674201	0.875575	0.921424	0.845418	0.767062	0.589673
2.088200	-1.673290	0.875077	0.925144	0.833728	0.766185	0.588316
2.089200	-1.672441	0.874707	0.929996	0.835187	0.765539	0.587329
2.090200	-1.671417	0.873979	0.931981	0.871493	0.764284	0.585459
2.091200	-1.670285	0.873270	0.936644	0.886781	0.763053	0.583599
2.092200	-1.669473	0.872950	0.942826	0.874898	0.762489	0.582725
2.093200	-1.668558	0.872405	0.945195	0.884392	0.761543	0.581296
2.094200	-1.667579	0.871817	0.944884	0.902242	0.760526	0.579772
2.095200	-1.666713	0.871394	0.951103	0.905313	0.759790	0.578658
2.096200	-1.665700	0.870811	0.950127	0.904495	0.758775	0.577116
2.097200	-1.664683	0.870256	0.955350	0.926129	0.757820	0.575695
2.098200	-1.663761	0.869672	0.956704	0.938819	0.756810	0.574184
2.099200	-1.662944	0.869309	0.957866	0.937928	0.756179	0.573229
2.100200	-1.661868	0.868656	0.961415	0.944591	0.755047	0.571527
2.101200	-1.660948	0.868091	0.966345	0.967813	0.754078	0.570096
2.102200	-1.659994	0.867539	0.965420	0.973637	0.753123	0.568664
2.103200	-1.659092	0.867128	0.968929	0.964939	0.752407	0.567574
2.104200	-1.658100	0.866467	0.974548	0.998680	0.751279	0.565924
2.105200	-1.657068	0.865842	0.977641	1.008171	0.750200	0.564317
2.106200	-1.656078	0.865257	0.978421	1.013050	0.749190	0.562810
2.107200	-1.655017	0.864670	0.982024	1.014545	0.748175	0.561293
2.108200	-1.654132	0.864107	0.988135	1.040534	0.747217	0.559895
2.109200	-1.653105	0.863501	0.992228	1.061380	0.746180	0.558375
2.110200	-1.652061	0.862946	0.993546	1.068262	0.745226	0.556958
2.111200	-1.650969	0.862251	0.999125	1.083393	0.744035	0.555206
2.112200	-1.650045	0.861583	1.004249	1.127495	0.742906	0.553582
2.113200	-1.649063	0.861087	1.004102	1.112205	0.742045	0.552288
2.114200	-1.648017	0.860438	1.005310	1.116564	0.740930	0.550641
2.115200	-1.647071	0.859877	1.009927	1.137557	0.739975	0.549255
2.116200	-1.645942	0.859165	1.016649	1.156055	0.738762	0.547485
2.117200	-1.644922	0.858554	1.022617	1.173489	0.737721	0.545972
2.118200	-1.644107	0.858229	1.016243	1.146498	0.737150	0.545094
2.119200	-1.643068	0.857485	1.023228	1.193334	0.735899	0.543310
2.120200	-1.642048	0.856865	1.028752	1.199721	0.734838	0.541761
2.121200	-1.640951	0.856155	1.033722	1.218149	0.733633	0.540017
2.122200	-1.639813	0.855326	1.037678	1.271790	0.732242	0.538044
2.123200	-1.638962	0.854837	1.040885	1.279618	0.731409	0.536836
2.124200	-1.637793	0.854151	1.040179	1.265694	0.730230	0.535096
2.125200	-1.636761	0.853552	1.043721	1.281885	0.729217	0.533637
2.126200	-1.635731	0.852858	1.051979	1.338047	0.728062	0.532024
2.127200	-1.634763	0.852262	1.050500	1.327590	0.727040	0.530523
2.128200	-1.633598	0.851536	1.054503	1.333138	0.725806	0.528742
2.129200	-1.632685	0.850994	1.059691	1.354144	0.724894	0.527445
2.130200	-1.631584	0.850295	1.064569	1.380664	0.723719	0.525777
2.131200	-1.630465	0.849521	1.065197	1.421317	0.722425	0.523944
2.132200	-1.629291	0.848809	1.069972	1.408143	0.721209	0.522183
2.133200	-1.628367	0.848243	1.074645	1.456071	0.720275	0.520896
2.134200	-1.627157	0.847415	1.076496	1.446417	0.718866	0.518858
2.135200	-1.626243	0.846814	1.079874	1.487465	0.717870	0.517471
2.136200	-1.625209	0.846169	1.085292	1.472222	0.716770	0.515885
2.137200	-1.624225	0.845639	1.087741	1.485524	0.715880	0.514626
2.138200	-1.622868	0.844591	1.094093	1.552741	0.714145	0.512228
2.139200	-1.621901	0.844126	1.096290	1.523191	0.713344	0.511049
2.140200	-1.620795	0.843288	1.097176	1.571100	0.711955	0.509126
2.141200	-1.619522	0.842340	1.107515	1.607995	0.710378	0.506931
2.142200	-1.618420	0.841655	1.111536	1.633678	0.709238	0.505344
2.143200	-1.617471	0.841103	1.109935	1.616935	0.708300	0.503997
2.144200	-1.616206	0.840145	1.117915	1.674324	0.706720	0.501828
2.145200	-1.615141	0.839465	1.118370	1.686787	0.705586	0.500235
2.146200	-1.613883	0.838560	1.127797	1.731060	0.704089	0.498190
2.147200	-1.612970	0.837972	1.133911	1.751609	0.703116	0.496842
2.148200	-1.611828	0.837211	1.131055	1.779807	0.701856	0.495101
2.149200	-1.610462	0.835972	1.142982	1.892281	0.699842	0.492411
2.150200	-1.609648	0.835741	1.141887	1.849923	0.699435	0.491794
2.151200	-1.608215	0.834581	1.151482	1.892606	0.697520	0.489177
2.152200	-1.607097	0.833692	1.148550	1.923879	0.696053	0.487167
2.153200	-1.606026	0.833149	1.155061	1.930323	0.695153	0.485915
2.154200	-1.604831	0.832250	1.159417	1.954933	0.693668	0.483888
2.155200	-1.603881	0.831649	1.160981	2.002910	0.692693	0.482590
2.156200	-1.602539	0.830706	1.167290	1.964655	0.691106	0.480360
2.157200	-1.601463	0.829887	1.174234	2.033621	0.689783	0.478613
2.158200	-1.600231	0.829073	1.174046	2.032178	0.688433	0.476750
2.159200	-1.598819	0.827702	1.187978	2.252241	0.686278	0.474019
2.160200	-1.598104	0.827659	1.188419	2.095597	0.686125	0.473653
2.161200	-1.596741	0.826489	1.181926	2.135110	0.684211	0.471071
2.162200	-1.595312	0.825264	1.201022	2.262171	0.682254	0.468542
2.163200	-1.594241	0.824554	1.200514	2.265352	0.681086	0.466956
2.164200	-1.593116	0.823806	1.201341	2.269397	0.679855	0.465287
2.165200	-1.592108	0.823287	1.204910	2.236623	0.678984	0.464061
2.166200	-1.590870	0.822190	1.210606	2.334492	0.677232	0.461797
2.167200	-1.589716	0.821330	1.218583	2.398635	0.675853	0.460009
2.168200	-1.588219	0.820239	1.218339	2.392643	0.674059	0.457566
2.169200	-1.586927	0.818980	1.231834	2.534779	0.672071	0.455066
2.170200	-1.585744	0.818140	1.235713	2.637818	0.670751	0.453328
2.171200	-1.584450	0.817261	1.241583	2.529999	0.669257	0.451292
2.172200	-1.583535	0.816821	1.237857	2.525191	0.668536	0.450310
2.173200	-1.582279	0.815727	1.249339	2.674184	0.666829	0.448169
2.174200	-1.580812	0.814285	1.252798	2.791376	0.664542	0.445255
2.175200	-1.579537	0.813306	1.263200	2.832514	0.662971	0.443239
2.176200	-1.578344	0.812440	1.267785	2.951908	0.661628	0.441525
2.177200	-1.576935	0.811500	1.263512	2.833073	0.660039	0.439351
2.178200	-1.575777	0.810393	1.272485	2.937625	0.658298	0.437175
2.179200	-1.574331	0.809207	1.281407	2.997986	0.656411	0.434741
2.180200	-1.573315	0.808497	1.278880	2.971268	0.655249	0.433214
2.181200	-1.572024	0.807461	1.290733	3.102417	0.653646	0.431237
2.182200	-1.570409	0.805776	1.302346	3.270293	0.651017	0.427985
2.183200	-1.569354	0.805229	1.296761	3.204443	0.650102	0.426723
2.184200	-1.567847	0.803662	1.314336	3.385332	0.647677	0.423769
2.185200	-1.566830	0.803090	1.308050	3.309700	0.646720	0.422463
2.186200	-1.565402	0.801399	1.321933	3.859882	0.644301	0.419666
2.187200	-1.564020	0.800832	1.317584	3.357782	0.643126	0.417881
2.188200	-1.562674	0.799399	1.337351	3.650444	0.640989	0.415392
2.189200	-1.561295	0.797936	1.347702	3.947216	0.638811	0.412872
2.190200	-1.560177	0.797268	1.351268	3.997015	0.637773	0.411515
2.191200	-1.558739	0.795937	1.349810	4.064302	0.635690	0.408860
2.192200	-1.557105	0.793978	1.370698	4.385246	0.632749	0.405528
2.193200	-1.555783	0.792759	1.376194	4.495540	0.630874	0.403285
2.194200	-1.554335	0.791833	1.372851	4.225175	0.629262	0.401067
2.195200	-1.552878	0.790451	1.376990	4.538928	0.627246	0.398637
2.196200	-1.551829	0.789265	1.392260	4.932464	0.625585	0.396920
2.197200	-1.550316	0.788538	1.390615	4.346782	0.624124	0.394781
2.198200	-1.548904	0.786696	1.410496	4.966259	0.621556	0.392031
2.199200	-1.547637	0.786123	1.407190	4.562505	0.620439	0.390368
2.200200	-1.546183	0.784162	1.421751	5.186535	0.617695	0.387437
2.201200	-1.544624	0.783075	1.422979	5.011574	0.615900	0.385088
2.202200	-1.543324	0.781768	1.428822	5.114517	0.613910	0.382767
2.203200	-1.541848	0.779552	1.449447	5.925220	0.610889	0.379623
2.204200	-1.540316	0.777788	1.452611	6.471346	0.608437	0.376893
2.205200	-1.538786	0.777018	1.459395	6.129188	0.607056	0.375027
2.206200	-1.537985	0.777205	1.446290	5.292948	0.606899	0.374366
2.207200	-1.535911	0.774023	1.466692	5.863187	0.602270	0.369274
2.208200	-1.534877	0.774402	1.455295	5.347746	0.602581	0.369230
2.209200	-1.533033	0.771577	1.488144	6.069321	0.598604	0.365046
2.210200	-1.531615	0.770220	1.496311	6.312955	0.596645	0.362816
2.211200	-1.529725	0.767377	1.514287	6.933156	0.592611	0.358542
2.212200	-1.528643	0.766956	1.504946	6.709251	0.591845	0.357431
2.213200	-1.526579	0.763612	1.536837	7.967849	0.587409	0.352953
2.214200	-1.525735	0.764004	1.527791	7.289229	0.587643	0.352820
2.215200	-1.524423	0.763188	1.526510	6.985637	0.586234	0.351028
2.216200	-1.522679	0.761128	1.534441	7.188963	0.583206	0.347668
2.217200	-1.520763	0.757346	1.556154	8.892295	0.578386	0.343100
2.218200	-1.519656	0.757514	1.550569	8.136008	0.578233	0.342384
2.219200	-1.518362	0.756664	1.541717	7.411800	0.576556	0.340213
2.220200	-1.515822	0.751105	1.618870	10.271742	0.569726	0.334098
2.221200	-1.514481	0.749768	1.624349	10.814461	0.568017	0.332349
2.222200	-1.512985	0.748828	1.615243	9.812538	0.566067	0.329687
2.223200	-1.511024	0.745640	1.636919	11.216070	0.562066	0.325968
2.224200	-1.510363	0.746608	1.611446	9.820162	0.562756	0.325977
2.225200	-1.508125	0.743738	1.623122	9.767546	0.558453	0.321370
2.226200	-1.506144	0.739194	1.678230	12.282310	0.553083	0.316792
2.227200	-1.504213	0.736708	1.690947	12.979362	0.549796	0.313327
2.228200	-1.503480	0.737934	1.659524	11.556436	0.550833	0.313778
2.229200	-1.501148	0.733884	1.693606	12.231058	0.545243	0.308321
2.230200	-1.499599	0.731753	1.714523	13.541513	0.542835	0.306134
2.231200	-1.498026	0.729897	1.715911	13.386239	0.540041	0.303190
2.232200	-1.496790	0.729345	1.700715	12.212557	0.538599	0.301221
2.233200	-1.495088	0.726963	1.709949	13.381655	0.535771	0.298559
2.234200	-1.493126	0.723602	1.748432	15.246307	0.531916	0.295327
2.235200	-1.491463	0.722253	1.739011	14.187917	0.529391	0.292202
2.236200	-1.489185	0.716866	1.802924	17.464322	0.523431	0.287585
2.237200	-1.488195	0.717599	1.762333	15.583586	0.523460	0.286683
2.238200	-1.485605	0.712455	1.790815	17.093300	0.516933	0.280786
2.239200	-1.484747	0.713534	1.780910	15.780091	0.517758	0.280917
2.240200	-1.483113	0.711702	1.773369	15.458701	0.514974	0.278035
2.241200	-1.479960	0.702930	1.858125	20.066432	0.505090	0.270217
2.242200	-1.478625	0.703064	1.831368	18.472236	0.504412	0.268850
2.243200	-1.476917	0.700121	1.852571	19.926027	0.501082	0.266070
2.244200	-1.474791	0.696258	1.884750	20.855140	0.496202	0.261765
2.245200	-1.472605	0.691629	1.903177	23.232618	0.491086	0.257672
2.246200	-1.470664	0.689267	1.891912	22.547839	0.487454	0.253856
2.247200	-1.469265	0.686836	1.928230	24.281680	0.485066	0.252226
2.248200	-1.466919	0.682790	1.943497	25.143304	0.480003	0.247779
2.249200	-1.465656	0.682150	1.931722	24.627831	0.478853	0.246359
2.250200	-1.463102	0.676319	1.961171	27.214305	0.472358	0.241245
2.251200	-1.461462	0.674426	1.973759	26.634866	0.469490	0.238575
2.252200	-1.458869	0.669110	1.987464	28.347342	0.463296	0.233348
2.253200	-1.457173	0.666956	2.005762	27.484856	0.459949	0.230233
2.254200	-1.455262	0.663255	2.017948	29.945796	0.456388	0.227712
2.255200	-1.453698	0.661697	2.007384	29.083069	0.453856	0.225142
2.256200	-1.451925	0.657985	2.016001	31.184690	0.450122	0.222349
2.257200	-1.448587	0.649195	2.076304	34.500153	0.440466	0.215083
2.258200	-1.447528	0.648319	2.077194	34.224660	0.439187	0.213889
2.259200	-1.445463	0.643885	2.076158	35.933390	0.434407	0.210284
2.260200	-1.442793	0.637886	2.087414	37.432065	0.427554	0.204969
2.261200	-1.441494	0.638354	2.111415	36.010241	0.427375	0.204385
2.262200	-1.438805	0.631102	2.109598	38.639274	0.419630	0.198623
2.263200	-1.437003	0.629000	2.131690	38.605683	0.416972	0.196355
2.264200	-1.434621	0.621263	2.155663	43.116843	0.409802	0.191800
2.265200	-1.432713	0.618903	2.135429	42.040831	0.406290	0.188688
2.266200	-1.429648	0.609715	2.197893	45.509996	0.396931	0.182425
2.267200	-1.428100	0.607528	2.194196	45.835291	0.394460	0.180455
2.268200	-1.426339	0.605469	2.166975	45.208935	0.391628	0.177838
2.269200	-1.425096	0.606803	2.155192	43.305264	0.392201	0.177369
2.270200	-1.421945	0.596911	2.185658	46.284488	0.381956	0.170662
2.271200	-1.419963	0.592989	2.193937	47.886193	0.378188	0.168150
2.272200	-1.417540	0.585660	2.215573	49.916935	0.370689	0.163403
2.273200	-1.415466	0.582510	2.209430	50.213318	0.367186	0.160422
2.274200	-1.413507	0.579224	2.218613	51.034816	0.363837	0.158158
2.275200	-1.409733	0.564972	2.233987	55.978990	0.350288	0.149851
2.276200	-1.407696	0.560680	2.262447	57.362381	0.346239	0.147381
2.277200	-1.405807	0.558006	2.261747	56.561643	0.342816	0.144819
2.278200	-1.403468	0.552572	2.241699	57.529601	0.337334	0.141041
2.279200	-1.401103	0.545718	2.261373	59.541097	0.330940	0.137261
2.280200	-1.399277	0.543027	2.255619	59.262890	0.327870	0.135112
2.281200	-1.397165	0.538267	2.245620	60.087174	0.323196	0.131919
2.282200	-1.394156	0.529013	2.234635	61.462909	0.314101	0.126204
2.283200	-1.392585	0.526039	2.279872	63.484956	0.312105	0.125507
2.284200	-1.390985	0.524460	2.248906	61.744196	0.309491	0.123196
2.285200	-1.388471	0.518434	2.221303	61.995960	0.303362	0.119281
2.286200	-1.385072	0.505680	2.230405	66.041031	0.292573	0.113420
2.287200	-1.383265	0.501985	2.243626	66.601542	0.289179	0.111626
2.288200	-1.381604	0.502266	2.216735	64.099272	0.288079	0.110028
2.289200	-1.378604	0.490913	2.210037	66.890725	0.278380	0.104888
2.290200	-1.376666	0.486097	2.218695	67.655219	0.274119	0.102574
2.291200	-1.375214	0.486569	2.197568	65.949629	0.273640	0.101667
2.292200	-1.373050	0.481840	2.213811	66.204770	0.269219	0.099215
2.293200	-1.369641	0.467844	2.207170	69.070596	0.257548	0.093289
2.294200	-1.368404	0.468481	2.170725	67.191329	0.257109	0.092365
2.295200	-1.365494	0.456560	2.184249	70.200506	0.247784	0.088112
2.296200	-1.363653	0.455031	2.178715	70.100020	0.246351	0.087139
2.297200	-1.360815	0.446016	2.136309	69.717063	0.238031	0.082396
2.298200	-1.359449	0.443215	2.144083	69.773467	0.235588	0.081159
2.299200	-1.357616	0.439058	2.130156	69.954402	0.232039	0.079287
2.300200	-1.355243	0.432790	2.124425	70.100432	0.226674	0.076642
2.301200	-1.352784	0.426298	2.106752	70.062118	0.221092	0.073721
2.302200	-1.350471	0.418556	2.097234	70.782753	0.214974	0.070765
2.303200	-1.348083	0.411794	2.075694	70.811180	0.209391	0.068017
2.304200	-1.347697	0.415951	2.071801	70.070972	0.212434	0.069254
2.305200	-1.344565	0.406851	2.058767	69.264892	0.204510	0.065279
2.306200	-1.343393	0.406398	2.038662	68.677324	0.203827	0.064737
2.307200	-1.341913	0.405003	2.006523	67.369883	0.201975	0.063471
2.308200	-1.339674	0.397136	2.016820	68.703553	0.196434	0.061083
2.309200	-1.336203	0.383982	1.964909	68.792815	0.186225	0.056406
2.310200	-1.333595	0.375530	1.961680	68.634280	0.179734	0.053626
2.311200	-1.332550	0.375748	1.961833	67.520391	0.179286	0.053289
2.312200	-1.330820	0.372754	1.963178	67.457341	0.177025	0.052228
2.313200	-1.329426	0.373209	1.936855	66.350524	0.176756	0.051640
2.314200	-1.326854	0.363023	1.911194	66.225526	0.169202	0.048471
2.315200	-1.323983	0.352262	1.904547	66.242669	0.161531	0.045494
2.316200	-1.323142	0.353936	1.880033	65.149379	0.162112	0.045283
2.317200	-1.320615	0.344852	1.849597	65.251218	0.155837	0.042896
2.318200	-1.319728	0.347205	1.845690	63.915028	0.156725	0.042885
2.319200	-1.316567	0.333455	1.822374	63.950622	0.147402	0.039433
2.320200	-1.315808	0.337871	1.822471	62.928747	0.149803	0.039921
2.321200	-1.313966	0.333227	1.810175	62.692320	0.146568	0.038660
2.322200	-1.312726	0.331920	1.792409	61.915625	0.145273	0.037973
2.323200	-1.310244	0.324310	1.782243	61.657216	0.140148	0.036165
2.324200	-1.308516	0.319821	1.758141	60.692093	0.136724	0.034626
2.325200	-1.307082	0.317829	1.763094	60.904174	0.135589	0.034363
2.326200	-1.305324	0.313795	1.729311	59.185769	0.132080	0.032803
2.327200	-1.303921	0.310442	1.739840	59.984817	0.130455	0.032361
2.328200	-1.301095	0.300858	1.678631	57.005853	0.122918	0.029239
2.329200	-1.299655	0.297833	1.669454	56.775283	0.120990	0.028519
2.330200	-1.298321	0.298763	1.676179	56.459154	0.121379	0.028507
2.331200	-1.296957	0.296544	1.659967	55.864841	0.119734	0.027879
2.332200	-1.294669	0.289791	1.644784	54.796226	0.115179	0.026186
2.333200	-1.292990	0.287194	1.627130	53.708772	0.113074	0.025277
2.334200	-1.291705	0.284197	1.629477	53.801412	0.111428	0.024934
2.335200	-1.289761	0.277636	1.600936	52.701544	0.107128	0.023422
2.336200	-1.288068	0.276747	1.598485	52.098663	0.106304	0.023096
2.337200	-1.286720	0.272566	1.574096	51.937497	0.103928	0.022305
2.338200	-1.284784	0.268088	1.560649	50.078669	0.100459	0.021027
2.339200	-1.283614	0.268825	1.553685	49.964750	0.100801	0.020962
2.340200	-1.282621	0.268442	1.552127	49.639972	0.100422	0.020811
2.341200	-1.280897	0.263221	1.524297	49.004041	0.097295	0.019821
2.342200	-1.279115	0.260124	1.517470	47.712816	0.094948	0.018965
2.343200	-1.276969	0.251904	1.497698	47.193021	0.090453	0.017768
2.344200	-1.275543	0.249989	1.486859	46.258715	0.088969	0.017173
2.345200	-1.274430	0.249578	1.490679	46.142653	0.088709	0.017112
2.346200	-1.273238	0.249816	1.477966	45.343138	0.088381	0.016862
2.347200	-1.271957	0.247834	1.473199	45.527059	0.087511	0.016621
2.348200	-1.269948	0.241979	1.464661	43.969081	0.083761	0.015484
2.349200	-1.268711	0.240051	1.450596	43.646323	0.082657	0.015145
2.350200	-1.267224	0.239009	1.456384	43.832228	0.082275	0.015143
2.351200	-1.265981	0.237875	1.429922	42.518338	0.080991	0.014499
2.352200	-1.264113	0.230238	1.416654	41.252843	0.076700	0.013418
2.353200	-1.262971	0.229008	1.412353	41.357432	0.076205	0.013310
2.354200	-1.261557	0.228617	1.408068	40.357274	0.075461	0.012927
2.355200	-1.259776	0.224376	1.395980	39.734508	0.073192	0.012342
2.356200	-1.258913	0.225382	1.391787	39.777090	0.073679	0.012449
2.357200	-1.257791	0.224898	1.389712	39.607654	0.073373	0.012307
2.358200	-1.255882	0.218723	1.362970	38.101462	0.069776	0.011324
2.359200	-1.254977	0.220288	1.372845	38.220829	0.070541	0.011521
2.360200	-1.253817	0.219128	1.367424	38.494200	0.070198	0.011490
2.361200	-1.252153	0.215481	1.354428	37.168996	0.067859	0.010769
2.362200	-1.250849	0.213752	1.343515	36.806293	0.066917	0.010539
2.363200	-1.249022	0.208761	1.321520	35.225222	0.063905	0.009707
2.364200	-1.248079	0.209391	1.328163	35.659524	0.064427	0.009866
2.365200	-1.246217	0.203203	1.310401	34.155989	0.061015	0.009007
2.366200	-1.245510	0.207170	1.313191	34.603200	0.062909	0.009370
2.367200	-1.244157	0.204853	1.314709	34.410400	0.061852	0.009162
2.368200	-1.242761	0.201656	1.303185	33.345167	0.059944	0.008664
2.369200	-1.241176	0.198268	1.286816	32.687086	0.058217	0.008257
2.370200	-1.239892	0.196398	1.274331	32.165586	0.057185	0.007980
2.371200	-1.238764	0.195528	1.277645	32.122005	0.056827	0.007960
2.372200	-1.237385	0.193295	1.266704	31.221066	0.055445	0.007553
2.373200	-1.236610	0.194450	1.269813	31.816903	0.056245	0.007806
2.374200	-1.235250	0.190993	1.258985	30.822936	0.054344	0.007338
2.375200	-1.233956	0.191089	1.262471	30.651330	0.054289	0.007275
2.376200	-1.232561	0.187782	1.246795	30.017667	0.052676	0.006924
2.377200	-1.231396	0.188436	1.242470	29.910168	0.052867	0.006902
2.378200	-1.229698	0.183603	1.232425	28.719553	0.050385	0.006355
2.379200	-1.228833	0.184717	1.234310	29.182000	0.051071	0.006543
2.380200	-1.227315	0.181211	1.217471	27.931530	0.049068	0.006063
2.381200	-1.226446	0.182803	1.222950	28.455793	0.049960	0.006270
2.382200	-1.225407	0.181896	1.216785	27.953965	0.049344	0.006085
2.383200	-1.223982	0.179381	1.205269	27.396432	0.048118	0.005844
2.384200	-1.222761	0.176797	1.207191	26.920603	0.046927	0.005606
2.385200	-1.221398	0.175625	1.205114	26.753593	0.046423	0.005509
2.386200	-1.220327	0.175138	1.202183	26.523646	0.046125	0.005459
2.387200	-1.218938	0.171902	1.179940	25.481035	0.044401	0.005038
2.388200	-1.217841	0.171034	1.182016	25.455120	0.044094	0.005009
2.389200	-1.216763	0.172436	1.184811	25.823738	0.044797	0.005155
2.390200	-1.215329	0.168410	1.173186	24.650709	0.042747	0.004727
2.391200	-1.214479	0.169381	1.179491	24.972795	0.043269	0.004825
2.392200	-1.213015	0.166637	1.165238	24.143647	0.041869	0.004516
2.393200	-1.211900	0.165204	1.160950	23.906431	0.041260	0.004439
2.394200	-1.210960	0.164642	1.161511	23.602714	0.040903	0.004350
2.395200	-1.209817	0.165026	1.159999	23.993422	0.041264	0.004471
2.396200	-1.208777	0.163925	1.151515	23.718422	0.040747	0.004344
2.397200	-1.207629	0.161636	1.140551	22.809967	0.039476	0.004069
2.398200	-1.206328	0.162208	1.147763	23.118794	0.039847	0.004161
2.399200	-1.205096	0.158162	1.137279	22.007115	0.037906	0.003782
2.400200	-1.204050	0.158079	1.142912	22.186110	0.037990	0.003841
2.401200	-1.203047	0.157238	1.130243	21.780306	0.037492	0.003722
2.402200	-1.201538	0.155797	1.121732	21.233194	0.036725	0.003541
2.403200	-1.200630	0.156364	1.116359	21.645250	0.037149	0.003651
2.404200	-1.199668	0.155284	1.122197	21.476928	0.036719	0.003587
2.405200	-1.198467	0.153180	1.112023	20.888041	0.035730	0.003393
2.406200	-1.197119	0.152055	1.111634	20.601450	0.035223	0.003307
2.407200	-1.196213	0.152411	1.110839	20.727022	0.035410	0.003351
2.408200	-1.195027	0.149958	1.102717	20.143966	0.034331	0.003179
2.409200	-1.193891	0.149008	1.099419	19.991825	0.033962	0.003118
2.410200	-1.192800	0.149069	1.091703	19.826894	0.033888	0.003077
2.411200	-1.191771	0.148189	1.087248	19.539850	0.033463	0.002991
2.412200	-1.190735	0.146312	1.086966	19.237477	0.032737	0.002889
2.413200	-1.189770	0.146440	1.079749	18.989514	0.032633	0.002844
2.414200	-1.188637	0.145969	1.075718	18.850792	0.032418	0.002802
2.415200	-1.187586	0.145979	1.074909	18.979405	0.032501	0.002840
2.416200	-1.186447	0.144174	1.078627	18.533809	0.031719	0.002709
2.417200	-1.185076	0.142030	1.068732	18.106790	0.030858	0.002574
2.418200	-1.184020	0.140944	1.059660	17.710851	0.030321	0.002476
2.419200	-1.183004	0.140703	1.064248	17.664887	0.030231	0.002455
2.420200	-1.181994	0.140148	1.054814	17.642813	0.030066	0.002466
2.421200	-1.180827	0.140445	1.056398	17.542482	0.030094	0.002436
2.422200	-1.179895	0.138060	1.049421	17.163271	0.029210	0.002327
2.423200	-1.178930	0.138061	1.047611	17.112189	0.029184	0.002303
2.424200	-1.178095	0.138535	1.047373	17.182534	0.029361	0.002340
2.425200	-1.176803	0.136969	1.045045	16.672757	0.028632	0.002221
2.426200	-1.175764	0.135872	1.039711	16.608565	0.028299	0.002194
2.427200	-1.174485	0.135568	1.037373	16.474811	0.028141	0.002156
2.428200	-1.173527	0.133716	1.032052	15.951777	0.027337	0.002032
2.429200	-1.172596	0.134162	1.036372	16.221844	0.027620	0.002100
2.430200	-1.171549	0.133347	1.032032	16.149730	0.027363	0.002072
2.431200	-1.170473	0.132196	1.025770	15.744190	0.026821	0.001984
2.432200	-1.169735	0.131931	1.022443	15.736070	0.026750	0.001975
2.433200	-1.168399	0.130803	1.022265	15.532802	0.026337	0.001920
2.434200	-1.167511	0.130553	1.018450	15.340132	0.026161	0.001881
2.435200	-1.166783	0.130475	1.013249	15.504003	0.026241	0.001906
2.436200	-1.165595	0.130060	1.013698	15.191322	0.025951	0.001849
2.437200	-1.164578	0.129428	1.007030	15.073686	0.025721	0.001823
2.438200	-1.163441	0.127708	1.005709	14.654636	0.025033	0.001728
2.439200	-1.162500	0.128146	1.001003	14.705599	0.025179	0.001734
2.440200	-1.161368	0.126390	0.999346	14.456224	0.024587	0.001681
2.441200	-1.160583	0.127206	0.997225	14.643026	0.024908	0.001716
2.442200	-1.159304	0.124622	0.992270	14.019368	0.023890	0.001584
2.443200	-1.158405	0.125185	0.993115	14.100024	0.024082	0.001599
2.444200	-1.157546	0.123779	0.987522	13.946458	0.023644	0.001565
2.445200	-1.156642	0.123983	0.985120	13.866305	0.023650	0.001551
2.446200	-1.155661	0.122955	0.985270	13.759196	0.023335	0.001524
2.447200	-1.154624	0.121971	0.985969	13.522904	0.022956	0.001483
2.448200	-1.153667	0.122426	0.977506	13.601152	0.023118	0.001495
2.449200	-1.152615	0.121564	0.977782	13.448630	0.022819	0.001453
2.450200	-1.151548	0.120844	0.974619	13.232275	0.022519	0.001422
2.451200	-1.150678	0.120701	0.964984	13.303898	0.022530	0.001428
2.452200	-1.149591	0.119437	0.966200	12.958395	0.022023	0.001365
2.453200	-1.148586	0.119683	0.961284	13.047459	0.022139	0.001378
2.454200	-1.147711	0.118494	0.958697	12.769695	0.021692	0.001317
2.455200	-1.146821	0.118483	0.959753	12.715372	0.021660	0.001325
2.456200	-1.145864	0.117534	0.956430	12.484430	0.021301	0.001271
2.457200	-1.144770	0.116868	0.955588	12.407362	0.021101	0.001255
2.458200	-1.143788	0.116785	0.949752	12.313811	0.021029	0.001236
2.459200	-1.143062	0.115194	0.947700	12.043781	0.020501	0.001185
2.460200	-1.142113	0.115664	0.948582	12.244513	0.020733	0.001219
2.461200	-1.141156	0.115176	0.945814	12.034051	0.020497	0.001185
2.462200	-1.140107	0.114625	0.943949	11.991672	0.020347	0.001170
2.463200	-1.139351	0.114611	0.940076	11.801444	0.020233	0.001143
2.464200	-1.138275	0.114642	0.940844	11.923201	0.020316	0.001162
2.465200	-1.137398	0.113396	0.935551	11.712255	0.019908	0.001121
2.466200	-1.136356	0.112756	0.934704	11.592536	0.019694	0.001096
2.467200	-1.135626	0.112119	0.933512	11.411739	0.019444	0.001068
2.468200	-1.134415	0.111353	0.927564	11.350944	0.019239	0.001055
2.469200	-1.133629	0.111819	0.930303	11.312255	0.019323	0.001054
2.470200	-1.132633	0.110929	0.926550	11.214410	0.019068	0.001037
2.471200	-1.131750	0.110280	0.923537	11.048005	0.018827	0.001007
2.472200	-1.130901	0.109926	0.923862	11.068784	0.018765	0.001006
2.473200	-1.130018	0.109574	0.917642	10.903538	0.018590	0.000983
2.474200	-1.129209	0.109036	0.915521	10.863242	0.018451	0.000971
2.475200	-1.128111	0.108455	0.912030	10.716043	0.018238	0.000948
2.476200	-1.127022	0.108331	0.909780	10.620160	0.018156	0.000928
2.477200	-1.126160	0.107895	0.908862	10.563900	0.018030	0.000926
2.478200	-1.125323	0.106741	0.907093	10.354280	0.017658	0.000886
2.479200	-1.124432	0.107157	0.906055	10.380584	0.017766	0.000899
2.480200	-1.123743	0.107169	0.903176	10.500216	0.017843	0.000911
2.481200	-1.122614	0.106375	0.903608	10.252743	0.017526	0.000877
2.482200	-1.121807	0.105775	0.901873	10.161814	0.017347	0.000857
2.483200	-1.120867	0.104981	0.893718	10.026722	0.017100	0.000838
2.484200	-1.119940	0.105165	0.895611	10.065420	0.017164	0.000839
2.485200	-1.119198	0.104285	0.892115	9.917283	0.016893	0.000816
2.486200	-1.118027	0.104604	0.888553	9.921992	0.016965	0.000821
2.487200	-1.117329	0.103774	0.888093	9.807318	0.016724	0.000801
2.488200	-1.116363	0.103896	0.885527	9.763946	0.016726	0.000800
2.489200	-1.115424	0.102441	0.883883	9.534521	0.016288	0.000761
2.490200	-1.114540	0.102109	0.881224	9.487910	0.016195	0.000754
2.491200	-1.113807	0.102780	0.877701	9.588869	0.016396	0.000772
2.492200	-1.112856	0.102035	0.880192	9.496589	0.016189	0.000753
2.493200	-1.112035	0.101978	0.875903	9.378719	0.016108	0.000742
2.494200	-1.110896	0.100706	0.871583	9.188300	0.015737	0.000708
2.495200	-1.110240	0.100323	0.870336	9.192219	0.015664	0.000710
2.496200	-1.109364	0.100255	0.867789	9.127661	0.015614	0.000701
2.497200	-1.108316	0.099824	0.864825	9.020601	0.015464	0.000685
2.498200	-1.107548	0.099715	0.866427	9.017694	0.015443	0.000686
2.499200	-1.106930	0.099795	0.866822	8.981415	0.015439	0.000682
2.500200	-1.105803	0.098915	0.860138	8.834339	0.015177	0.000659
2.501200	-1.105073	0.097891	0.859653	8.696619	0.014893	0.000636
2.502200	-1.104079	0.098229	0.860038	8.763538	0.015003	0.000648
2.503200	-1.103464	0.098374	0.853242	8.751973	0.015026	0.000647
2.504200	-1.102439	0.098307	0.851409	8.713200	0.014991	0.000642
2.505200	-1.101643	0.097215	0.854554	8.572665	0.014694	0.000622
2.506200	-1.100802	0.097080	0.850255	8.606504	0.014691	0.000628
2.507200	-1.099882	0.096853	0.849637	8.454038	0.014555	0.000608
2.508200	-1.098972	0.096602	0.848682	8.380678	0.014464	0.000599
2.509200	-1.098283	0.096863	0.846058	8.490074	0.014583	0.000610
2.510200	-1.097376	0.095829	0.844243	8.274944	0.014254	0.000584
2.511200	-1.096426	0.095786	0.839200	8.298731	0.014263	0.000584
2.512200	-1.095785	0.094958	0.837703	8.196306	0.014044	0.000571
2.513200	-1.094809	0.095292	0.834886	8.204959	0.014115	0.000573
2.514200	-1.094031	0.094432	0.831228	8.100923	0.013890	0.000558
2.515200	-1.093314	0.094634	0.837511	8.089689	0.013923	0.000558
2.516200	-1.092382	0.093886	0.828086	8.014625	0.013738	0.000550
2.517200	-1.091503	0.093441	0.827007	7.922701	0.013600	0.000535
2.518200	-1.090691	0.093316	0.829261	7.873615	0.013548	0.000530
2.519200	-1.089796	0.092739	0.826510	7.727557	0.013353	0.000513
2.520200	-1.089112	0.092585	0.821218	7.719297	0.013322	0.000512
2.521200	-1.088125	0.092212	0.821672	7.726873	0.013259	0.000510
2.522200	-1.087330	0.092311	0.823321	7.684298	0.013253	0.000506
2.523200	-1.086513	0.091573	0.817062	7.557135	0.013041	0.000490
2.524200	-1.085761	0.091949	0.818614	7.620681	0.013151	0.000501
2.525200	-1.085018	0.091092	0.817477	7.467098	0.012901	0.000481
2.526200	-1.084049	0.090700	0.813701	7.436087	0.012813	0.000476
2.527200	-1.083294	0.090752	0.813788	7.444693	0.012829	0.000477
2.528200	-1.082671	0.091170	0.812461	7.516101	0.012951	0.000488
2.529200	-1.081574	0.089264	0.808620	7.202172	0.012415	0.000448
2.530200	-1.080842	0.089479	0.809938	7.247265	0.012483	0.000452
2.531200	-1.080087	0.089649	0.806303	7.266663	0.012528	0.000455
2.532200	-1.079187	0.088895	0.807233	7.150372	0.012323	0.000440
2.533200	-1.078453	0.088936	0.802439	7.079930	0.012288	0.000436
2.534200	-1.077721	0.088704	0.797115	7.122384	0.012275	0.000439
2.535200	-1.076907	0.088777	0.798832	7.114698	0.012285	0.000439
2.536200	-1.076122	0.088190	0.795968	7.033575	0.012133	0.000430
2.537200	-1.075259	0.087755	0.794248	6.943789	0.012002	0.000419
2.538200	-1.074378	0.087640	0.791914	6.922277	0.011970	0.000416
2.539200	-1.073740	0.087588	0.791017	6.939457	0.011974	0.000419
2.540200	-1.073027	0.087408	0.789356	6.799448	0.011857	0.000403
2.541200	-1.072274	0.087287	0.790669	6.829688	0.011856	0.000407
2.542200	-1.071340	0.086908	0.791924	6.806382	0.011777	0.000404
2.543200	-1.070658	0.086765	0.789135	6.826232	0.011767	0.000406
2.544200	-1.069787	0.086745	0.781728	6.718763	0.011698	0.000394
2.545200	-1.068948	0.086030	0.781577	6.676242	0.011550	0.000389
2.546200	-1.068300	0.086682	0.781224	6.747098	0.011708	0.000399
2.547200	-1.067353	0.085433	0.781199	6.598151	0.011402	0.000382
2.548200	-1.066561	0.085316	0.776104	6.535864	0.011345	0.000375
2.549200	-1.065946	0.085107	0.775677	6.495742	0.011286	0.000371
2.550200	-1.065129	0.085040	0.773512	6.470552	0.011260	0.000367
2.551200	-1.064430	0.084850	0.772258	6.449430	0.011217	0.000367
2.552200	-1.063497	0.084241	0.770583	6.329211	0.011040	0.000354
2.553200	-1.062801	0.084174	0.768431	6.321250	0.011026	0.000351
2.554200	-1.061991	0.084017	0.772666	6.355253	0.011022	0.000356
2.555200	-1.061153	0.083649	0.769072	6.277838	0.010913	0.000347
2.556200	-1.060573	0.083424	0.766345	6.241033	0.010854	0.000343
2.557200	-1.059658	0.083157	0.764973	6.221852	0.010800	0.000340
2.558200	-1.058930	0.083539	0.764149	6.246977	0.010880	0.000346
2.559200	-1.058009	0.083029	0.759925	6.145809	0.010734	0.000334
2.560200	-1.057498	0.082595	0.756619	6.111152	0.010642	0.000330
2.561200	-1.056707	0.082562	0.759605	6.112902	0.010639	0.000333
2.562200	-1.055886	0.082063	0.754239	6.015838	0.010497	0.000322
2.563200	-1.055176	0.082109	0.756444	6.021472	0.010510	0.000323
2.564200	-1.054389	0.081946	0.754237	6.048300	0.010502	0.000324
2.565200	-1.053699	0.080939	0.751579	5.865968	0.010225	0.000305
2.566200	-1.052893	0.081410	0.749237	5.903445	0.010326	0.000310
2.567200	-1.052161	0.081116	0.751553	5.894981	0.010275	0.000310
2.568200	-1.051416	0.080768	0.747721	5.830168	0.010179	0.000303
2.569200	-1.050634	0.080777	0.747982	5.791893	0.010158	0.000301
2.570200	-1.049925	0.080505	0.744085	5.792504	0.010116	0.000300
2.571200	-1.049216	0.080171	0.743985	5.728516	0.010023	0.000293
2.572200	-1.048431	0.079686	0.741872	5.691930	0.009924	0.000290
2.573200	-1.047744	0.079866	0.740355	5.684932	0.009950	0.000289
2.574200	-1.046788	0.079358	0.739383	5.642211	0.009844	0.000283
2.575200	-1.046114	0.079037	0.738001	5.583342	0.009757	0.000279
2.576200	-1.045414	0.079357	0.735980	5.608811	0.009825	0.000283
2.577200	-1.044827	0.079069	0.734703	5.560547	0.009751	0.000278
2.578200	-1.044075	0.078960	0.731839	5.574851	0.009744	0.000279
2.579200	-1.043190	0.078100	0.730766	5.453228	0.009533	0.000266
2.580200	-1.042480	0.078435	0.733389	5.481068	0.009605	0.000271
2.581200	-1.041714	0.078348	0.729227	5.467710	0.009584	0.000269
2.582200	-1.041042	0.078035	0.729236	5.433770	0.009515	0.000265
2.583200	-1.040320	0.078178	0.726234	5.386395	0.009509	0.000262
2.584200	-1.039620	0.077731	0.724485	5.342376	0.009413	0.000258
2.585200	-1.038987	0.077305	0.727420	5.316544	0.009332	0.000255
2.586200	-1.038144	0.077392	0.720192	5.346231	0.009365	0.000258
2.587200	-1.037510	0.077217	0.722031	5.298686	0.009309	0.000254
2.588200	-1.036832	0.077178	0.721180	5.288891	0.009298	0.000253
2.589200	-1.035873	0.076755	0.715764	5.231915	0.009199	0.000249
2.590200	-1.035225	0.076442	0.716054	5.214066	0.009141	0.000246
2.591200	-1.034566	0.076042	0.716147	5.148671	0.009040	0.000241
2.592200	-1.033789	0.076175	0.716662	5.142917	0.009057	0.000240
2.593200	-1.033245	0.075825	0.715086	5.115562	0.008988	0.000238
2.594200	-1.032371	0.075653	0.712159	5.104778	0.008957	0.000236
2.595200	-1.031709	0.075801	0.707905	5.091162	0.008972	0.000236
2.596200	-1.030862	0.075438	0.710229	5.058368	0.008897	0.000233
2.597200	-1.030228	0.075463	0.710047	5.036320	0.008888	0.000231
2.598200	-1.029501	0.075133	0.704952	5.002248	0.008818	0.000229
2.599200	-1.028866	0.075208	0.706719	5.013391	0.008838	0.000229
2.600200	-1.028179	0.074832	0.705706	4.945952	0.008740	0.000224
2.601200	-1.027342	0.074468	0.701610	4.925276	0.008673	0.000221
2.602200	-1.026824	0.074596	0.704719	4.908676	0.008683	0.000221
2.603200	-1.026048	0.074301	0.701229	4.850607	0.008603	0.000216
2.604200	-1.025246	0.074210	0.699606	4.847042	0.008589	0.000215
2.605200	-1.024590	0.074218	0.697575	4.871348	0.008607	0.000218
2.606200	-1.023855	0.073662	0.696418	4.803912	0.008483	0.000211
2.607200	-1.023276	0.073792	0.697941	4.813811	0.008509	0.000213
2.608200	-1.022522	0.073312	0.694440	4.740380	0.008393	0.000207
2.609200	-1.021947	0.073392	0.693195	4.761168	0.008419	0.000208
2.610200	-1.021064	0.072909	0.691143	4.696624	0.008309	0.000203
2.611200	-1.020473	0.072883	0.690159	4.707263	0.008313	0.000204
2.612200	-1.019707	0.072586	0.691060	4.630769	0.008222	0.000198
2.613200	-1.019260	0.072764	0.688222	4.665149	0.008271	0.000201
2.614200	-1.018329	0.072558	0.686767	4.616130	0.008211	0.000197
2.615200	-1.017767	0.072560	0.685165	4.653060	0.008236	0.000200
2.616200	-1.017022	0.072027	0.684473	4.589591	0.008119	0.000195
2.617200	-1.016361	0.072218	0.683770	4.594278	0.008151	0.000195
2.618200	-1.015737	0.071728	0.683089	4.538873	0.008046	0.000191
2.619200	-1.014859	0.071604	0.683132	4.509092	0.008011	0.000188
2.620200	-1.014414	0.071657	0.681279	4.511811	0.008021	0.000189
2.621200	-1.013682	0.071410	0.678855	4.478446	0.007965	0.000186
2.622200	-1.012917	0.071187	0.677115	4.443161	0.007912	0.000183
2.623200	-1.012305	0.071358	0.673399	4.456871	0.007946	0.000185
2.624200	-1.011612	0.070753	0.675512	4.401110	0.007826	0.000180
2.625200	-1.010934	0.070700	0.675270	4.367663	0.007798	0.000178
2.626200	-1.010233	0.070452	0.672163	4.361673	0.007760	0.000177
2.627200	-1.009577	0.070559	0.675061	4.351305	0.007770	0.000177
2.628200	-1.008914	0.070292	0.671393	4.326012	0.007717	0.000175
2.629200	-1.008274	0.070115	0.669083	4.313777	0.007685	0.000173
2.630200	-1.007588	0.070135	0.668617	4.323455	0.007695	0.000175
2.631200	-1.006940	0.069797	0.667495	4.246971	0.007600	0.000169
2.632200	-1.006262	0.069422	0.664458	4.229119	0.007537	0.000167
2.633200	-1.005534	0.069408	0.666438	4.215419	0.007527	0.000166
2.634200	-1.004883	0.069711	0.661796	4.271353	0.007607	0.000171
2.635200	-1.004192	0.069070	0.661986	4.168552	0.007453	0.000163
2.636200	-1.003624	0.068943	0.658614	4.157486	0.007429	0.000163
2.637200	-1.002827	0.069116	0.660370	4.175035	0.007465	0.000164
2.638200	-1.002293	0.068848	0.659187	4.133678	0.007403	0.000161
2.639200	-1.001505	0.069025	0.658230	4.180316	0.007458	0.000165
2.640200	-1.000929	0.068280	0.657336	4.066171	0.007283	0.000156
2.641200	-1.000318	0.068537	0.656783	4.111618	0.007349	0.000159
2.642200	-0.999656	0.068245	0.653819	4.066531	0.007281	0.000156
2.643200	-0.998926	0.068135	0.652434	4.048580	0.007255	0.000155
2.644200	-0.998396	0.068372	0.654110	4.087743	0.007314	0.000158
2.645200	-0.997680	0.068096	0.650113	4.042317	0.007248	0.000154
2.646200	-0.997080	0.067633	0.650572	3.993618	0.007154	0.000151
2.647200	-0.996427	0.067742	0.648728	4.008799	0.007180	0.000152
2.648200	-0.995699	0.067177	0.649113	3.940802	0.007061	0.000147
2.649200	-0.995085	0.067347	0.648838	3.952601	0.007092	0.000148
2.650200	-0.994371	0.067371	0.647344	3.960323	0.007101	0.000149
2.651200	-0.993777	0.067168	0.643857	3.925849	0.007053	0.000146
2.652200	-0.993052	0.067028	0.642506	3.907550	0.007023	0.000145
2.653200	-0.992487	0.066926	0.641712	3.909030	0.007011	0.000145
2.654200	-0.991758	0.066729	0.640392	3.868740	0.006960	0.000143
2.655200	-0.991130	0.066402	0.641383	3.832214	0.006893	0.000140
2.656200	-0.990623	0.066281	0.641033	3.839039	0.006883	0.000140
2.657200	-0.989983	0.066211	0.639500	3.839010	0.006874	0.000141
2.658200	-0.989266	0.066352	0.636202	3.814893	0.006878	0.000139
2.659200	-0.988697	0.066245	0.635801	3.806417	0.006860	0.000138
2.660200	-0.988089	0.066028	0.635790	3.788408	0.006820	0.000137
2.661200	-0.987552	0.065994	0.634135	3.805336	0.006828	0.000138
2.662200	-0.986740	0.065744	0.632299	3.754724	0.006763	0.000135
2.663200	-0.986315	0.065866	0.631411	3.742345	0.006772	0.000134
2.664200	-0.985407	0.065358	0.631061	3.729741	0.006698	0.000133
2.665200	-0.984841	0.065060	0.631453	3.683177	0.006629	0.000130
2.666200	-0.984193	0.065091	0.629683	3.669191	0.006625	0.000129
2.667200	-0.983690	0.064972	0.628589	3.657997	0.006603	0.000129
2.668200	-0.983018	0.065064	0.627496	3.654783	0.006614	0.000128
2.669200	-0.982347	0.064893	0.626722	3.642651	0.006585	0.000128
2.670200	-0.981838	0.064831	0.623518	3.634160	0.006572	0.000128
2.671200	-0.981008	0.064733	0.624365	3.632774	0.006560	0.000127
2.672200	-0.980474	0.064711	0.623070	3.631583	0.006557	0.000127
2.673200	-0.979839	0.064343	0.622464	3.588018	0.006482	0.000124
2.674200	-0.979324	0.064251	0.622144	3.568261	0.006458	0.000123
2.675200	-0.978643	0.064099	0.622244	3.574362	0.006443	0.000124
2.676200	-0.977957	0.064278	0.619265	3.558803	0.006457	0.000123
2.677200	-0.977426	0.063986	0.618602	3.539456	0.006408	0.000121
2.678200	-0.976671	0.063911	0.617486	3.545603	0.006403	0.000122
2.679200	-0.976126	0.063756	0.613282	3.496618	0.006352	0.000119
2.680200	-0.975554	0.063757	0.615826	3.508491	0.006361	0.000119
2.681200	-0.974825	0.063431	0.613566	3.468943	0.006294	0.000117
2.682200	-0.974324	0.063150	0.613845	3.435066	0.006237	0.000115
2.683200	-0.973674	0.063082	0.612322	3.439587	0.006232	0.000115
2.684200	-0.973186	0.063277	0.612580	3.453708	0.006267	0.000116
2.685200	-0.972479	0.063005	0.609505	3.429483	0.006218	0.000115
2.686200	-0.971783	0.062711	0.608834	3.394740	0.006159	0.000112
2.687200	-0.971287	0.062832	0.607624	3.393528	0.006174	0.000112
2.688200	-0.970663	0.062716	0.608964	3.380367	0.006152	0.000112
2.689200	-0.970078	0.062728	0.605163	3.364769	0.006144	0.000111
2.690200	-0.969333	0.062508	0.604539	3.351478	0.006109	0.000110
2.691200	-0.968733	0.062244	0.604152	3.339020	0.006068	0.000109
2.692200	-0.968080	0.061889	0.603115	3.311556	0.006007	0.000107
2.693200	-0.967516	0.061892	0.602567	3.301112	0.006001	0.000107
2.694200	-0.967026	0.062036	0.600949	3.304513	0.006022	0.000107
2.695200	-0.966424	0.061685	0.601108	3.283574	0.005966	0.000106
2.696200	-0.965771	0.061663	0.598948	3.256251	0.005946	0.000104
2.697200	-0.965202	0.061590	0.597405	3.253775	0.005936	0.000104
2.698200	-0.964548	0.061650	0.598735	3.264496	0.005951	0.000105
2.699200	-0.964068	0.061610	0.596295	3.260343	0.005944	0.000105
2.700200	-0.963550	0.061455	0.594309	3.236715	0.005911	0.000103
2.701200	-0.962832	0.061287	0.593129	3.229035	0.005886	0.000103
2.702200	-0.962147	0.061128	0.593036	3.203920	0.005850	0.000101
2.703200	-0.961667	0.061191	0.592872	3.182192	0.005844	0.000100
2.704200	-0.961025	0.060740	0.591034	3.143514	0.005765	0.000098
2.705200	-0.960450	0.060767	0.593845	3.157315	0.005778	0.000099
2.706200	-0.959891	0.060573	0.591416	3.138963	0.005743	0.000098
2.707200	-0.959300	0.060716	0.589869	3.140109	0.005762	0.000098
2.708200	-0.958722	0.060531	0.589181	3.122934	0.005729	0.000097
2.709200	-0.957912	0.060183	0.588108	3.121506	0.005687	0.000096
2.710200	-0.957501	0.060575	0.585546	3.128685	0.005740	0.000097
2.711200	-0.956999	0.060163	0.587080	3.088895	0.005664	0.000095
2.712200	-0.956272	0.060385	0.585647	3.120803	0.005713	0.000097
2.713200	-0.955642	0.059967	0.582781	3.073887	0.005632	0.000094
2.714200	-0.955206	0.059935	0.584042	3.050499	0.005614	0.000093
2.715200	-0.954529	0.059491	0.581208	3.020359	0.005541	0.000091
2.716200	-0.954019	0.059564	0.580746	3.032336	0.005559	0.000092
2.717200	-0.953370	0.059405	0.579312	3.019929	0.005532	0.000091
2.718200	-0.952949	0.059718	0.582277	3.031057	0.005578	0.000092
2.719200	-0.952150	0.059361	0.578857	2.997988	0.005514	0.000090
2.720200	-0.951637	0.059335	0.578090	2.994041	0.005509	0.000090
2.721200	-0.951133	0.059194	0.576439	2.988608	0.005489	0.000089
2.722200	-0.950645	0.059165	0.575856	2.986213	0.005485	0.000090
2.723200	-0.949993	0.059307	0.576423	2.996472	0.005510	0.000090
2.724200	-0.949405	0.059053	0.572756	2.969251	0.005462	0.000089
2.725200	-0.948698	0.058824	0.573205	2.934394	0.005413	0.000086
2.726200	-0.948235	0.058891	0.572463	2.949096	0.005431	0.000088
2.727200	-0.947637	0.058629	0.571480	2.927882	0.005387	0.000086
2.728200	-0.947079	0.058905	0.572764	2.943961	0.005431	0.000087
2.729200	-0.946576	0.058582	0.569200	2.928889	0.005383	0.000087
2.730200	-0.945983	0.058319	0.569309	2.900418	0.005334	0.000085
2.731200	-0.945446	0.058193	0.567066	2.877864	0.005305	0.000083
2.732200	-0.944747	0.058444	0.568832	2.900161	0.005350	0.000085
2.733200	-0.944312	0.058185	0.568107	2.874258	0.005303	0.000084
2.734200	-0.943681	0.058057	0.566886	2.856790	0.005278	0.000083
2.735200	-0.943103	0.057991	0.563763	2.843127	0.005261	0.000082
2.736200	-0.942584	0.057742	0.564356	2.826011	0.005222	0.000081
2.737200	-0.941883	0.057760	0.565200	2.836568	0.005232	0.000082
2.738200	-0.941457	0.057635	0.561310	2.819112	0.005206	0.000081
2.739200	-0.940836	0.057624	0.561691	2.813311	0.005202	0.000080
2.740200	-0.940256	0.057528	0.562305	2.806220	0.005187	0.000080
2.741200	-0.939736	0.057412	0.559680	2.779759	0.005156	0.000079
2.742200	-0.939102	0.057292	0.560353	2.771728	0.005138	0.000078
2.743200	-0.938599	0.057231	0.559588	2.781611	0.005138	0.000079
2.744200	-0.938038	0.057026	0.557533	2.766814	0.005106	0.000078
2.745200	-0.937555	0.056926	0.557334	2.742406	0.005079	0.000077
2.746200	-0.936920	0.056978	0.556067	2.731434	0.005078	0.000076
2.747200	-0.936361	0.057061	0.556193	2.752696	0.005102	0.000077
2.748200	-0.935869	0.056876	0.555849	2.726972	0.005064	0.000076
2.749200	-0.935312	0.056561	0.553671	2.697189	0.005009	0.000074
2.750200	-0.934686	0.056693	0.551364	2.701824	0.005028	0.000075
2.751200	-0.934124	0.056369	0.552811	2.687065	0.004982	0.000074
2.752200	-0.933556	0.056335	0.551932	2.677571	0.004973	0.000073
2.753200	-0.933092	0.056360	0.551359	2.668219	0.004970	0.000073
2.754200	-0.932502	0.056291	0.549898	2.669234	0.004963	0.000073
2.755200	-0.931983	0.056465	0.550116	2.670737	0.004985	0.000073
2.756200	-0.931399	0.056071	0.548546	2.639912	0.004920	0.000072
2.757200	-0.930832	0.055944	0.548593	2.638188	0.004906	0.000072
2.758200	-0.930244	0.056057	0.547876	2.644373	0.004923	0.000072
2.759200	-0.929779	0.055862	0.545018	2.630369	0.004892	0.000071
2.760200	-0.929273	0.055832	0.543869	2.616941	0.004881	0.000070
2.761200	-0.928638	0.055691	0.542667	2.613923	0.004864	0.000071
2.762200	-0.928040	0.055604	0.543025	2.591533	0.004839	0.000069
2.763200	-0.927595	0.055579	0.543607	2.587449	0.004835	0.000069
2.764200	-0.927007	0.055427	0.542172	2.576885	0.004811	0.000069
2.765200	-0.926509	0.055555	0.542153	2.586846	0.004833	0.000069
2.766200	-0.925899	0.055324	0.541459	2.569647	0.004796	0.000068
2.767200	-0.925431	0.055259	0.542681	2.561572	0.004784	0.000068
2.768200	-0.924929	0.055114	0.538127	2.543088	0.004756	0.000067
2.769200	-0.924327	0.055203	0.538617	2.556175	0.004776	0.000068
2.770200	-0.923732	0.055111	0.535538	2.542139	0.004757	0.000067
2.771200	-0.923294	0.055076	0.536498	2.538731	0.004751	0.000067
2.772200	-0.922743	0.054918	0.536529	2.523884	0.004724	0.000066
2.773200	-0.922220	0.054764	0.535655	2.504810	0.004695	0.000065
2.774200	-0.921736	0.054760	0.531517	2.512769	0.004701	0.000066
2.775200	-0.921105	0.054712	0.532247	2.507830	0.004693	0.000065
2.776200	-0.920591	0.054521	0.532905	2.481781	0.004655	0.000064
2.777200	-0.920065	0.054327	0.530918	2.454784	0.004616	0.000063
2.778200	-0.919522	0.054458	0.530571	2.477246	0.004646	0.000064
2.779200	-0.919051	0.054297	0.532657	2.466330	0.004622	0.000064
2.780200	-0.918556	0.054209	0.528327	2.454493	0.004605	0.000063
2.781200	-0.917913	0.054281	0.526989	2.460026	0.004617	0.000063
2.782200	-0.917427	0.053969	0.526614	2.432069	0.004565	0.000062
2.783200	-0.916789	0.053998	0.526697	2.439678	0.004574	0.000062
2.784200	-0.916361	0.053909	0.526602	2.429247	0.004557	0.000062
2.785200	-0.915855	0.053776	0.527767	2.406946	0.004529	0.000061
2.786200	-0.915188	0.053774	0.523517	2.410523	0.004531	0.000061
2.787200	-0.914765	0.053610	0.524107	2.395149	0.004504	0.000060
2.788200	-0.914253	0.053644	0.521936	2.388254	0.004503	0.000060
2.789200	-0.913793	0.053733	0.524094	2.406466	0.004526	0.000061
2.790200	-0.913232	0.053503	0.521808	2.386652	0.004488	0.000060
2.791200	-0.912775	0.053435	0.521572	2.379286	0.004477	0.000060
2.792200	-0.912118	0.053353	0.520123	2.365792	0.004459	0.000059
2.793200	-0.911612	0.053146	0.519238	2.346979	0.004425	0.000058
2.794200	-0.911059	0.053107	0.518698	2.344345	0.004420	0.000058
2.795200	-0.910539	0.053147	0.518067	2.342000	0.004423	0.000058
2.796200	-0.910111	0.053189	0.518851	2.344032	0.004429	0.000058
2.797200	-0.909519	0.053076	0.519393	2.337724	0.004413	0.000058
2.798200	-0.909102	0.052846	0.516980	2.326608	0.004382	0.000057
2.799200	-0.908511	0.052686	0.515399	2.304433	0.004351	0.000056
2.800200	-0.907975	0.052893	0.516672	2.316791	0.004381	0.000057
2.801200	-0.907404	0.052637	0.514720	2.296593	0.004341	0.000056
2.802200	-0.906989	0.052736	0.513546	2.306748	0.004359	0.000057
2.803200	-0.906457	0.052618	0.513409	2.289602	0.004336	0.000056
2.804200	-0.906128	0.052450	0.512214	2.286443	0.004316	0.000056
2.805200	-0.905499	0.052448	0.512161	2.267304	0.004304	0.000055
2.806200	-0.904994	0.052181	0.511925	2.251697	0.004265	0.000054
2.807200	-0.904458	0.052469	0.509874	2.270774	0.004309	0.000055
2.808200	-0.904012	0.052132	0.510279	2.249890	0.004260	0.000054
2.809200	-0.903508	0.052145	0.507933	2.252425	0.004264	0.000054
