1.000000	-2.851613	0.968194	0.325594	0.038080	0.937421	0.878838
0.990000	-0.000618	0.967750	0.180404	0.037687	0.936561	0.877225
0.980000	-0.000700	0.967464	0.185866	0.038453	0.936008	0.876190
0.970000	-0.000790	0.966986	0.190164	0.039911	0.935084	0.874465
0.960000	-0.000816	0.966695	0.189575	0.040472	0.934521	0.873413
0.950000	-0.000779	0.966219	0.186097	0.039571	0.933601	0.871693
0.940000	-0.000846	0.965814	0.193968	0.041018	0.932819	0.870236
0.930000	-0.000647	0.965494	0.191069	0.040695	0.932202	0.869084
0.920000	-0.000796	0.965045	0.196051	0.041844	0.931335	0.867471
0.910000	-0.000764	0.964638	0.190552	0.042721	0.930550	0.866012
0.900000	-0.000642	0.964330	0.195468	0.042281	0.929956	0.864906
0.890000	-0.000777	0.963804	0.197638	0.043469	0.928942	0.863023
0.880000	-0.000772	0.963249	0.198856	0.045102	0.927874	0.861042
0.870000	-0.000748	0.962839	0.200373	0.045381	0.927084	0.859578
0.860000	-0.000621	0.962398	0.202919	0.046642	0.926237	0.858010
0.850000	-0.000785	0.961832	0.208945	0.047449	0.925147	0.855994
0.840000	-0.000830	0.961400	0.214426	0.048109	0.924317	0.854460
0.830000	-0.000718	0.960879	0.204871	0.049029	0.923316	0.852612
0.820000	-0.000803	0.960433	0.209692	0.050229	0.922458	0.851032
0.810000	-0.000764	0.959987	0.219958	0.051954	0.921605	0.849461
0.800000	-0.000645	0.959386	0.213796	0.050398	0.920450	0.847331
0.790000	-0.000706	0.958912	0.213382	0.051791	0.919542	0.845662
0.780000	-0.000676	0.958354	0.211320	0.052540	0.918471	0.843695
0.770000	-0.000776	0.957981	0.222714	0.053826	0.917758	0.842390
0.760000	-0.000789	0.957362	0.219815	0.055074	0.916572	0.840217
0.750000	-0.000716	0.956765	0.217113	0.056162	0.915430	0.838125
0.740000	-0.000703	0.956282	0.214767	0.056753	0.914507	0.836438
0.730000	-0.000785	0.955691	0.222382	0.057514	0.913378	0.834376
0.720000	-0.000665	0.955033	0.227772	0.059842	0.912121	0.832086
0.710000	-0.000661	0.954523	0.228366	0.061209	0.911147	0.830313
0.700000	-0.000680	0.953952	0.226605	0.060637	0.910058	0.828329
0.690000	-0.000657	0.953342	0.227255	0.061827	0.908896	0.826216
0.680000	-0.000801	0.952523	0.234521	0.065693	0.907337	0.823393
0.670000	-0.000726	0.951973	0.234694	0.065954	0.906290	0.821494
0.660000	-0.000780	0.951244	0.241257	0.067275	0.904902	0.818983
0.650000	-0.000656	0.950567	0.243716	0.067780	0.903616	0.816657
0.640000	-0.000584	0.950000	0.231386	0.066716	0.902536	0.814705
0.630000	-0.000875	0.949244	0.245021	0.070293	0.901103	0.812127
0.620000	-0.000699	0.948531	0.238460	0.071239	0.899750	0.809693
0.610000	-0.000794	0.947926	0.240811	0.073133	0.898604	0.807634
0.600000	-0.000610	0.947082	0.246732	0.074586	0.897006	0.804768
0.590000	-0.000749	0.946357	0.253942	0.077141	0.895634	0.802312
0.580000	-0.000735	0.945596	0.251808	0.077401	0.894194	0.799736
0.570000	-0.000851	0.944703	0.265321	0.081306	0.892509	0.796732
0.560000	-0.000878	0.943952	0.250831	0.082144	0.891090	0.794204
0.550000	-0.000734	0.943287	0.255682	0.083351	0.889837	0.791974
0.540000	-0.000684	0.942288	0.261623	0.087307	0.887954	0.788634
0.530000	-0.000703	0.941425	0.256510	0.086932	0.886328	0.785748
0.520000	-0.000707	0.940574	0.263146	0.090382	0.884729	0.782922
0.510000	-0.000764	0.939623	0.263223	0.091635	0.882943	0.779767
0.500000	0.026097	0.938654	0.574725	0.095455	0.881123	0.776564
0.490000	-0.000535	0.937689	0.177204	0.096448	0.879314	0.773382
0.480000	-0.000500	0.936740	0.178518	0.099486	0.877536	0.770263
0.470000	-0.000483	0.935812	0.177011	0.102055	0.875801	0.767225
0.460000	-0.000621	0.934648	0.180757	0.102762	0.873624	0.763418
0.450000	-0.000493	0.933533	0.175076	0.106668	0.871544	0.759794
0.440000	-0.000570	0.932475	0.180386	0.106771	0.869568	0.756354
0.430000	-0.000547	0.931320	0.182525	0.111205	0.867418	0.752628
0.420000	-0.000449	0.930409	0.175742	0.114624	0.865724	0.749698
0.410000	-0.000539	0.929303	0.182917	0.117637	0.863669	0.746149
0.400000	-0.000494	0.927895	0.182687	0.124824	0.861059	0.741660
0.390000	-0.000572	0.926618	0.182241	0.126256	0.858691	0.737590
0.380000	-0.000398	0.925621	0.179970	0.129960	0.856847	0.734433
0.370000	-0.000478	0.924142	0.189954	0.136993	0.854114	0.729770
0.360000	-0.000445	0.922951	0.178038	0.138459	0.851915	0.726019
0.350000	-0.000566	0.921437	0.184452	0.142756	0.849125	0.721282
0.340000	-0.000526	0.920071	0.182670	0.147740	0.846612	0.717028
0.330000	-0.000545	0.918134	0.180909	0.153664	0.843056	0.711030
0.320000	-0.000526	0.916953	0.182961	0.152763	0.840888	0.707376
0.310000	-0.000457	0.915464	0.183486	0.165159	0.838166	0.702829
0.300000	-0.000607	0.913771	0.182417	0.173300	0.835074	0.697668
0.290000	-0.000451	0.912005	0.176684	0.176602	0.831851	0.692301
0.280000	-0.000440	0.910226	0.179458	0.178471	0.828610	0.686922
0.270000	-0.000512	0.908378	0.187272	0.192094	0.825257	0.681399
0.260000	-0.000455	0.906214	0.182447	0.202069	0.821336	0.674960
0.250000	-0.000496	0.904082	0.183556	0.206392	0.817478	0.668644
0.240000	-0.000498	0.902143	0.174012	0.209325	0.813978	0.662937
0.230000	-0.000551	0.899862	0.177831	0.230123	0.809880	0.656317
0.220000	-0.000456	0.897406	0.176869	0.241269	0.805472	0.649214
0.210000	-0.000366	0.895042	0.169842	0.245111	0.801236	0.642413
0.200000	-0.000544	0.892701	0.172412	0.256140	0.797056	0.635750
0.190000	-0.000479	0.890190	0.167253	0.274231	0.792591	0.628680
0.180000	-0.000526	0.887012	0.166968	0.284141	0.786949	0.619782
0.170000	-0.000366	0.883985	0.168375	0.312653	0.781603	0.611443
0.160000	-0.000398	0.880700	0.165690	0.326559	0.775814	0.602447
0.150000	-0.000427	0.877047	0.164534	0.348039	0.769404	0.592573
0.140000	-0.000414	0.873724	0.160097	0.397001	0.763613	0.583773
0.130000	-0.000417	0.869554	0.161849	0.408406	0.756351	0.572749
0.120000	-0.000405	0.865224	0.165449	0.445354	0.748859	0.561525
0.110000	-0.000420	0.861169	0.154311	0.482548	0.741879	0.551173
0.100000	-0.000436	0.856088	0.151058	0.526643	0.733179	0.538401
0.090000	-0.000400	0.850891	0.151329	0.581419	0.724337	0.525591
0.080000	-0.000457	0.844214	0.150528	0.661455	0.713064	0.509498
0.070000	-0.000346	0.837485	0.147781	0.727453	0.701783	0.493622
0.060000	-0.000356	0.828823	0.139041	0.892620	0.687441	0.473920
0.050000	-0.000299	0.819486	0.135437	1.039024	0.672133	0.453290
0.040000	-0.000373	0.807394	0.124910	1.317681	0.652615	0.427776
0.030000	-0.000425	0.794122	0.122804	1.545532	0.631486	0.400894
0.020000	-0.000292	0.770088	0.112092	2.741132	0.594554	0.356939
0.010000	-0.000302	0.732318	0.096535	6.033718	0.539633	0.297794
