1.800000	-1.859235	0.956788	0.433804	0.116319	0.915495	-0.000001
1.801000	-1.858978	0.956745	0.435591	0.113651	0.915411	-0.000000
1.802000	-1.858771	0.956662	0.450650	0.114902	0.915252	-0.000001
1.803000	-1.857793	0.956308	0.438653	0.115488	0.914577	-0.000001
1.804000	-1.857111	0.956029	0.442098	0.118922	0.914045	-0.000000
1.805000	-1.857049	0.955996	0.434977	0.114675	0.913980	-0.000000
1.806000	-1.856850	0.955935	0.442290	0.117676	0.913864	-0.000000
1.807000	-1.856118	0.955689	0.444852	0.116839	0.913393	-0.000000
1.808000	-1.855379	0.955389	0.447908	0.120648	0.912822	-0.000000
1.809000	-1.854899	0.955271	0.429964	0.114060	0.912594	-0.000000
1.810000	-1.855313	0.955424	0.443664	0.118414	0.912887	-0.000000
1.811000	-1.854687	0.955195	0.454023	0.121823	0.912452	-0.000000
1.812000	-1.854250	0.955031	0.444080	0.119700	0.912137	-0.000000
1.813000	-1.853776	0.954863	0.441551	0.120243	0.911816	-0.000000
1.814000	-1.852695	0.954451	0.454427	0.126279	0.911033	-0.000000
1.815000	-1.852188	0.954294	0.452804	0.123248	0.910732	-0.000000
1.816000	-1.852507	0.954466	0.449508	0.120432	0.911060	-0.000000
1.817000	-1.851496	0.954087	0.435479	0.121183	0.910335	-0.000000
1.818000	-1.850810	0.953802	0.476579	0.129557	0.909795	-0.000000
1.819000	-1.850874	0.953786	0.455714	0.130102	0.909765	-0.000000
1.820000	-1.850716	0.953861	0.467053	0.126288	0.909907	-0.000000
1.821000	-1.850239	0.953719	0.459556	0.123813	0.909635	-0.000000
1.822000	-1.849627	0.953409	0.468506	0.127152	0.909045	-0.000000
1.823000	-1.849421	0.953412	0.460711	0.125362	0.909050	-0.000000
1.824000	-1.848507	0.952970	0.460822	0.128877	0.908209	-0.000000
1.825000	-1.847936	0.952797	0.453922	0.127490	0.907880	-0.000000
1.826000	-1.847783	0.952595	0.466796	0.135736	0.907498	-0.000000
1.827000	-1.847058	0.952399	0.452344	0.128207	0.907121	-0.000000
1.828000	-1.846164	0.952105	0.468824	0.131288	0.906563	-0.000000
1.829000	-1.846631	0.952373	0.472593	0.130699	0.907073	-0.000000
1.830000	-1.846065	0.952172	0.484633	0.134570	0.906692	-0.000000
1.831000	-1.845037	0.951732	0.473347	0.132267	0.905853	-0.000000
1.832000	-1.844728	0.951638	0.476080	0.134869	0.905675	-0.000000
1.833000	-1.844560	0.951650	0.484885	0.137146	0.905699	-0.000000
1.834000	-1.843637	0.951236	0.477340	0.135229	0.904910	-0.000000
1.835000	-1.843314	0.951130	0.477190	0.135716	0.904708	-0.000000
1.836000	-1.842567	0.950773	0.496445	0.143340	0.904034	-0.000000
1.837000	-1.842045	0.950665	0.472567	0.136988	0.903826	-0.000000
1.838000	-1.842071	0.950711	0.470280	0.134235	0.903912	-0.000000
1.839000	-1.841246	0.950378	0.471846	0.138010	0.903281	0.000000
1.840000	-1.840528	0.950030	0.488113	0.143404	0.902621	-0.000000
1.841000	-1.840180	0.949894	0.497728	0.146792	0.902365	-0.000000
1.842000	-1.839969	0.949892	0.481511	0.139637	0.902359	0.000000
1.843000	-1.839251	0.949555	0.484905	0.138608	0.901716	-0.000000
1.844000	-1.839365	0.949762	0.481999	0.135631	0.902108	-0.000000
1.845000	-1.838310	0.949265	0.503819	0.147960	0.901172	-0.000000
1.846000	-1.837844	0.949107	0.488603	0.142114	0.900869	-0.000000
1.847000	-1.837530	0.948985	0.503178	0.151695	0.900640	-0.000000
1.848000	-1.836861	0.948731	0.502587	0.150887	0.900159	-0.000000
1.849000	-1.836017	0.948501	0.488555	0.143318	0.899719	-0.000000
1.850000	-1.835845	0.948469	0.501350	0.149274	0.899660	0.000000
1.851000	-1.835236	0.948192	0.499273	0.148463	0.899136	-0.000000
1.852000	-1.835453	0.948287	0.482119	0.144572	0.899313	-0.000000
1.853000	-1.835175	0.948179	0.486527	0.144555	0.899109	-0.000000
1.854000	-1.834068	0.947803	0.493308	0.146677	0.898398	0.000000
1.855000	-1.833320	0.947504	0.521873	0.155952	0.897835	-0.000000
1.856000	-1.833027	0.947392	0.501847	0.149432	0.897619	0.000000
1.857000	-1.832414	0.947074	0.517405	0.157315	0.897020	-0.000000
1.858000	-1.831916	0.946865	0.513155	0.159802	0.896625	-0.000000
1.859000	-1.831366	0.946743	0.492509	0.152067	0.896390	-0.000000
1.860000	-1.831496	0.946693	0.514373	0.161976	0.896301	-0.000000
1.861000	-1.830717	0.946441	0.524603	0.163001	0.895825	0.000000
1.862000	-1.829941	0.946104	0.494177	0.151236	0.895181	0.000000
1.863000	-1.829341	0.945987	0.517206	0.158396	0.894963	0.000000
1.864000	-1.828874	0.945768	0.506655	0.157755	0.894548	0.000000
1.865000	-1.828077	0.945354	0.528159	0.170252	0.893772	0.000000
1.866000	-1.827417	0.945158	0.507376	0.158044	0.893396	-0.000000
1.867000	-1.827246	0.945023	0.510819	0.174516	0.893147	0.000000
1.868000	-1.826640	0.944837	0.528282	0.166334	0.892793	0.000000
1.869000	-1.826093	0.944717	0.516623	0.163004	0.892565	0.000000
1.870000	-1.826156	0.944774	0.517510	0.161873	0.892672	0.000000
1.871000	-1.825795	0.944683	0.520067	0.162427	0.892499	-0.000000
1.872000	-1.824417	0.944078	0.524918	0.169298	0.891361	0.000000
1.873000	-1.824298	0.944104	0.515098	0.164424	0.891408	0.000000
1.874000	-1.824130	0.943935	0.520892	0.171973	0.891092	0.000000
1.875000	-1.823496	0.943769	0.512087	0.166001	0.890776	0.000000
1.876000	-1.822995	0.943507	0.529351	0.171483	0.890284	0.000000
1.877000	-1.821627	0.942975	0.529888	0.176315	0.889282	0.000000
1.878000	-1.821592	0.942907	0.532274	0.176477	0.889155	0.000000
1.879000	-1.821637	0.943170	0.544259	0.170123	0.889647	0.000000
1.880000	-1.820718	0.942686	0.528492	0.172244	0.888736	0.000000
1.881000	-1.820101	0.942404	0.536657	0.176619	0.888207	0.000000
1.882000	-1.819434	0.942221	0.543557	0.176407	0.887862	0.000000
1.883000	-1.819277	0.942133	0.543941	0.177480	0.887696	0.000000
1.884000	-1.818218	0.941611	0.552878	0.187914	0.886717	0.000000
1.885000	-1.817969	0.941589	0.538166	0.177578	0.886671	0.000000
1.886000	-1.817485	0.941408	0.542578	0.183063	0.886333	0.000000
1.887000	-1.816539	0.941059	0.540221	0.183950	0.885676	0.000000
1.888000	-1.816334	0.941023	0.552698	0.180624	0.885607	0.000000
1.889000	-1.815946	0.940831	0.547390	0.183929	0.885247	0.000000
1.890000	-1.815037	0.940383	0.536790	0.185011	0.884405	0.000000
1.891000	-1.814325	0.940048	0.548046	0.193325	0.883779	0.000000
1.892000	-1.813567	0.939932	0.559897	0.187567	0.883558	0.000000
1.893000	-1.813820	0.940176	0.538154	0.178649	0.884013	0.000000
1.894000	-1.813634	0.939954	0.547952	0.183099	0.883598	0.000000
1.895000	-1.812374	0.939494	0.554547	0.194754	0.882738	0.000000
1.896000	-1.812158	0.939394	0.568089	0.194626	0.882551	0.000000
1.897000	-1.811560	0.939160	0.550777	0.188976	0.882109	0.000000
1.898000	-1.811492	0.939213	0.535000	0.183832	0.882206	0.000000
1.899000	-1.809681	0.938371	0.565848	0.195243	0.880630	0.000000
1.900000	-1.809656	0.938319	0.546181	0.191402	0.880530	0.000000
1.901000	-1.809015	0.938071	0.573958	0.203477	0.880071	0.000000
1.902000	-1.807949	0.937735	0.550761	0.194419	0.879438	0.000000
1.903000	-1.808082	0.937805	0.568953	0.198858	0.879571	0.000000
1.904000	-1.807264	0.937494	0.580569	0.203078	0.878989	0.000000
1.905000	-1.805520	0.936730	0.566283	0.205168	0.877559	0.000000
1.906000	-1.805580	0.936803	0.582915	0.207317	0.877695	0.000000
1.907000	-1.805025	0.936520	0.594795	0.216563	0.877170	0.000000
1.908000	-1.804973	0.936567	0.572208	0.209267	0.877256	0.000000
1.909000	-1.804323	0.936291	0.574174	0.208346	0.876738	0.000000
1.910000	-1.803666	0.935983	0.582185	0.213561	0.876163	0.000000
1.911000	-1.803728	0.936163	0.574826	0.205849	0.876497	0.000000
1.912000	-1.802619	0.935637	0.591095	0.214169	0.875516	0.000000
1.913000	-1.802348	0.935364	0.600805	0.222581	0.875010	0.000000
1.914000	-1.801837	0.935346	0.572648	0.205435	0.874969	0.000000
1.915000	-1.800627	0.934840	0.586895	0.211025	0.874025	0.000000
1.916000	-1.800618	0.934879	0.578479	0.212815	0.874098	0.000000
1.917000	-1.799035	0.934076	0.591835	0.224746	0.872603	0.000000
1.918000	-1.798854	0.934104	0.595163	0.221709	0.872654	0.000000
1.919000	-1.798890	0.934262	0.583027	0.216619	0.872948	0.000000
1.920000	-1.798690	0.933922	0.583325	0.231351	0.872318	0.000000
1.921000	-1.797818	0.933816	0.586867	0.216557	0.872114	0.000000
1.922000	-1.796549	0.933285	0.604784	0.223243	0.871125	0.000000
1.923000	-1.796586	0.933332	0.603329	0.223560	0.871214	0.000000
1.924000	-1.795609	0.932858	0.609730	0.232791	0.870334	0.000000
1.925000	-1.794536	0.932300	0.602493	0.230890	0.869291	0.000000
1.926000	-1.794457	0.932200	0.614666	0.240169	0.869109	0.000000
1.927000	-1.793856	0.932131	0.597269	0.229194	0.868977	0.000000
1.928000	-1.793625	0.932094	0.594457	0.232290	0.868908	0.000000
1.929000	-1.792353	0.931288	0.604579	0.240791	0.867410	0.000001
1.930000	-1.791803	0.931168	0.613345	0.247685	0.867191	0.000000
1.931000	-1.791583	0.931106	0.585589	0.232256	0.867068	0.000000
1.932000	-1.791476	0.931172	0.603890	0.236620	0.867192	0.000000
1.933000	-1.790156	0.930419	0.612612	0.254674	0.865801	0.000000
1.934000	-1.789840	0.930435	0.610134	0.242871	0.865824	0.000000
1.935000	-1.788156	0.929647	0.609978	0.243074	0.864359	0.000001
1.936000	-1.788398	0.929913	0.598130	0.242769	0.864853	0.000000
1.937000	-1.787351	0.929363	0.616492	0.260418	0.863838	0.000000
1.938000	-1.787258	0.929425	0.623060	0.251396	0.863950	0.000000
1.939000	-1.786266	0.928808	0.609887	0.253561	0.862804	0.000001
1.940000	-1.786588	0.929229	0.626235	0.251516	0.863587	0.000000
1.941000	-1.784713	0.928311	0.624319	0.257739	0.861883	0.000000
1.942000	-1.785035	0.928519	0.623053	0.249838	0.862265	0.000000
1.943000	-1.784138	0.927998	0.621001	0.260493	0.861304	0.000000
1.944000	-1.783126	0.927775	0.600271	0.244596	0.860883	0.000000
1.945000	-1.783711	0.927999	0.650349	0.261323	0.861307	0.000001
1.946000	-1.782199	0.927410	0.615173	0.246069	0.860206	0.000001
1.947000	-1.781091	0.926810	0.631873	0.262674	0.859103	0.000001
1.948000	-1.780996	0.926728	0.629249	0.267602	0.858952	0.000001
1.949000	-1.779762	0.926261	0.618543	0.262951	0.858085	0.000001
1.950000	-1.779406	0.926162	0.625881	0.261962	0.857900	0.000001
1.951000	-1.778536	0.925807	0.638581	0.276508	0.857251	0.000001
1.952000	-1.777984	0.925548	0.624295	0.265171	0.856766	0.000001
1.953000	-1.777152	0.925147	0.635460	0.276685	0.856029	0.000001
1.954000	-1.776472	0.924839	0.626880	0.270403	0.855456	0.000001
1.955000	-1.776619	0.924964	0.656344	0.281822	0.855693	0.000001
1.956000	-1.775282	0.924336	0.659283	0.282065	0.854531	0.000001
1.957000	-1.775444	0.924247	0.647622	0.287376	0.854370	0.000001
1.958000	-1.774884	0.924488	0.638251	0.270176	0.854808	0.000001
1.959000	-1.773942	0.923864	0.640302	0.279853	0.853659	0.000001
1.960000	-1.773092	0.923694	0.641498	0.265721	0.853337	0.000001
1.961000	-1.772490	0.923405	0.652006	0.283075	0.852813	0.000001
1.962000	-1.772552	0.923278	0.653565	0.292737	0.852583	0.000001
1.963000	-1.770815	0.922447	0.661619	0.295164	0.851050	0.000001
1.964000	-1.770951	0.922527	0.663185	0.305461	0.851202	0.000001
1.965000	-1.769736	0.922053	0.650938	0.291318	0.850322	0.000001
1.966000	-1.769146	0.921803	0.661013	0.299309	0.849865	0.000001
1.967000	-1.768894	0.921651	0.640120	0.287201	0.849579	0.000001
1.968000	-1.767852	0.921147	0.658739	0.298107	0.848656	0.000001
1.969000	-1.767558	0.921034	0.653851	0.300418	0.848448	0.000001
1.970000	-1.767136	0.921094	0.662073	0.295987	0.848557	0.000001
1.971000	-1.765610	0.920257	0.678068	0.316519	0.847025	0.000001
1.972000	-1.765476	0.920087	0.679240	0.314435	0.846712	0.000001
1.973000	-1.764154	0.919455	0.676038	0.334127	0.845559	0.000001
1.974000	-1.763638	0.919487	0.672165	0.313704	0.845607	0.000001
1.975000	-1.763019	0.918960	0.679145	0.330978	0.844646	0.000001
1.976000	-1.761926	0.918570	0.672564	0.327831	0.843929	0.000001
1.977000	-1.762340	0.918969	0.671898	0.317264	0.844658	0.000001
1.978000	-1.761112	0.918166	0.694118	0.361805	0.843203	0.000001
1.979000	-1.760453	0.918240	0.679025	0.319638	0.843319	0.000001
1.980000	-1.759226	0.917273	0.714800	0.350735	0.841560	0.000001
1.981000	-1.758525	0.916811	0.683160	0.361750	0.840718	0.000001
1.982000	-1.758503	0.917231	0.672858	0.320542	0.841469	0.000001
1.983000	-1.757645	0.916839	0.699662	0.337331	0.840757	0.000001
1.984000	-1.755962	0.915834	0.702752	0.356983	0.838925	0.000001
1.985000	-1.756208	0.915991	0.712233	0.351764	0.839210	0.000001
1.986000	-1.754552	0.915306	0.690238	0.336869	0.837949	0.000001
1.987000	-1.754727	0.915622	0.680133	0.325886	0.838522	0.000001
1.988000	-1.754704	0.915588	0.699219	0.344789	0.838470	0.000001
1.989000	-1.753354	0.914774	0.696081	0.356099	0.836985	0.000001
1.990000	-1.752668	0.914445	0.721182	0.370002	0.836390	0.000001
1.991000	-1.751675	0.914048	0.729916	0.380683	0.835669	0.000001
1.992000	-1.751415	0.914046	0.699349	0.351498	0.835651	0.000001
1.993000	-1.749672	0.913073	0.712410	0.359394	0.833878	0.000001
1.994000	-1.750213	0.913180	0.723236	0.395903	0.834090	0.000001
1.995000	-1.749162	0.913039	0.715018	0.373386	0.833821	0.000001
1.996000	-1.747760	0.912297	0.700071	0.365688	0.832464	0.000001
1.997000	-1.748235	0.912677	0.713685	0.373937	0.833162	0.000001
1.998000	-1.746505	0.911706	0.720619	0.385552	0.831396	0.000001
1.999000	-1.746048	0.911668	0.707280	0.372791	0.831320	0.000001
2.000000	-1.744895	0.911153	0.731228	0.380245	0.830385	0.000001
2.001000	-1.744821	0.910850	0.714053	0.376508	0.829831	0.000001
2.002000	-1.743345	0.910275	0.752855	0.410196	0.828801	0.000001
2.003000	-1.742521	0.909862	0.702692	0.372642	0.828031	0.000001
2.004000	-1.742187	0.909417	0.753444	0.463084	0.827266	0.000000
2.005000	-1.741772	0.909711	0.726984	0.390510	0.827766	0.000001
2.006000	-1.741323	0.909303	0.746036	0.412245	0.827035	0.000001
2.007000	-1.739988	0.908601	0.742929	0.424379	0.825763	0.000001
2.008000	-1.739528	0.908607	0.766743	0.405125	0.825766	0.000001
2.009000	-1.739258	0.908991	0.739640	0.401086	0.826461	0.000000
2.010000	-1.738545	0.908401	0.727575	0.387253	0.825383	0.000001
2.011000	-1.738014	0.907711	0.747377	0.423405	0.824147	0.000001
2.012000	-1.736078	0.907127	0.752699	0.411174	0.823081	0.000000
2.013000	-1.736181	0.907095	0.760941	0.421766	0.823029	0.000000
2.014000	-1.734115	0.905785	0.761134	0.480188	0.820683	0.000000
2.015000	-1.733972	0.905820	0.778583	0.450154	0.820731	0.000000
2.016000	-1.734248	0.906299	0.767561	0.426476	0.821588	0.000000
2.017000	-1.732477	0.904906	0.780019	0.487529	0.819095	0.000000
2.018000	-1.732463	0.905062	0.751740	0.446852	0.819358	0.000000
2.019000	-1.730997	0.904448	0.770402	0.457877	0.818251	0.000000
2.020000	-1.729599	0.903765	0.785261	0.482246	0.817029	0.000000
2.021000	-1.729626	0.903940	0.763321	0.448312	0.817328	0.000000
2.022000	-1.729981	0.904196	0.753680	0.437347	0.817786	0.000000
2.023000	-1.729123	0.903888	0.766325	0.453332	0.817237	0.000000
2.024000	-1.727624	0.902841	0.773861	0.476957	0.815357	0.000000
2.025000	-1.726699	0.902660	0.775486	0.437636	0.815011	0.000000
2.026000	-1.726089	0.902325	0.788958	0.468978	0.814422	0.000000
2.027000	-1.725023	0.901061	0.776614	0.504850	0.812162	0.000000
2.028000	-1.724481	0.901211	0.765922	0.470289	0.812414	0.000000
2.029000	-1.723072	0.901005	0.795358	0.477874	0.812047	0.000000
2.030000	-1.722871	0.900912	0.776250	0.460155	0.811870	0.000000
2.031000	-1.722504	0.900419	0.772644	0.487310	0.810996	0.000000
2.032000	-1.721353	0.900106	0.766756	0.466523	0.810421	0.000000
2.033000	-1.719969	0.899566	0.769669	0.470450	0.809452	0.000000
2.034000	-1.719942	0.899432	0.797739	0.481920	0.809218	0.000000
2.035000	-1.719142	0.899050	0.758916	0.471607	0.808525	0.000000
2.036000	-1.718788	0.898820	0.785809	0.491855	0.808122	0.000000
2.037000	-1.716265	0.897274	0.811386	0.553120	0.805376	0.000000
2.038000	-1.717145	0.897867	0.825317	0.538521	0.806434	0.000000
2.039000	-1.716206	0.897666	0.793010	0.493349	0.806049	0.000000
2.040000	-1.715624	0.897481	0.807627	0.518157	0.805730	0.000000
2.041000	-1.713439	0.895955	0.834636	0.559792	0.803015	0.000000
2.042000	-1.713842	0.896588	0.809856	0.538237	0.804139	0.000000
2.043000	-1.712026	0.895136	0.837956	0.565687	0.801550	0.000000
2.044000	-1.712062	0.895338	0.821984	0.560652	0.801909	0.000000
2.045000	-1.710445	0.894469	0.828435	0.570601	0.800359	0.000000
2.046000	-1.709630	0.893804	0.837354	0.603239	0.799188	-0.000000
2.047000	-1.709790	0.893698	0.815149	0.619609	0.799006	-0.000000
2.048000	-1.708108	0.893277	0.841650	0.590042	0.798238	0.000000
2.049000	-1.706643	0.892405	0.825829	0.603902	0.796688	0.000000
2.050000	-1.706988	0.893317	0.820586	0.543973	0.798287	0.000000
2.051000	-1.705828	0.892261	0.842478	0.610067	0.796435	0.000000
2.052000	-1.704674	0.891423	0.851287	0.633301	0.794953	-0.000000
2.053000	-1.704188	0.891481	0.845084	0.606149	0.795042	-0.000000
2.054000	-1.703823	0.891593	0.822278	0.540458	0.795209	-0.000000
2.055000	-1.701457	0.889842	0.838756	0.613482	0.792126	-0.000000
2.056000	-1.701047	0.889740	0.830759	0.588062	0.791933	-0.000000
2.057000	-1.701752	0.890483	0.824171	0.556578	0.793239	-0.000000
2.058000	-1.700482	0.889425	0.841771	0.615701	0.791386	-0.000000
2.059000	-1.699150	0.888876	0.840720	0.610605	0.790407	-0.000000
2.060000	-1.698477	0.888802	0.859996	0.619376	0.790281	-0.000000
2.061000	-1.698525	0.888856	0.887168	0.649365	0.790392	-0.000000
2.062000	-1.696167	0.887426	0.859024	0.627089	0.787840	-0.000000
2.063000	-1.695794	0.887345	0.844437	0.631002	0.787699	-0.000000
2.064000	-1.695940	0.887279	0.875553	0.676391	0.787604	-0.000000
2.065000	-1.693533	0.885349	0.858817	0.709942	0.784201	-0.000000
2.066000	-1.692702	0.885627	0.890308	0.741181	0.784710	-0.000000
2.067000	-1.693580	0.886098	0.867018	0.678145	0.785512	-0.000000
2.068000	-1.691574	0.885126	0.885808	0.708178	0.783806	-0.000000
2.069000	-1.690377	0.884067	0.896994	0.733915	0.781945	-0.000000
2.070000	-1.689061	0.883188	0.900220	0.801194	0.780425	-0.000000
2.071000	-1.688615	0.883774	0.875781	0.673932	0.781397	-0.000000
2.072000	-1.686875	0.881857	0.879931	0.741838	0.778048	-0.000000
2.073000	-1.685792	0.881146	0.946858	0.859918	0.776853	-0.000000
2.074000	-1.685754	0.881699	0.913758	0.767155	0.777782	-0.000000
2.075000	-1.686163	0.882546	0.882427	0.682108	0.779232	-0.000000
2.076000	-1.684382	0.881329	0.896261	0.707539	0.777099	-0.000000
2.077000	-1.683980	0.880928	0.885854	0.760230	0.776420	-0.000000
2.078000	-1.681805	0.879396	0.931549	0.821170	0.773754	-0.000000
2.079000	-1.680730	0.879493	0.903813	0.766203	0.773896	-0.000000
2.080000	-1.681241	0.879816	0.915996	0.743940	0.774455	-0.000000
2.081000	-1.678544	0.877844	0.910327	0.786463	0.771009	-0.000000
2.082000	-1.679429	0.878737	0.894979	0.689508	0.772529	-0.000000
2.083000	-1.678130	0.878376	0.896533	0.692744	0.771897	-0.000000
2.084000	-1.677486	0.877690	0.928701	0.795488	0.770744	-0.000000
2.085000	-1.676552	0.877443	0.872706	0.703446	0.770264	-0.000000
2.086000	-1.676402	0.876988	0.924908	0.815202	0.769523	-0.000000
2.087000	-1.674591	0.876284	0.926217	0.806052	0.768285	-0.000000
2.088000	-1.674302	0.876006	0.917998	0.795355	0.767793	-0.000000
2.089000	-1.672168	0.874684	0.927235	0.805702	0.765484	-0.000000
2.090000	-1.671138	0.873693	0.918426	0.855588	0.763777	-0.000000
2.091000	-1.670208	0.873218	0.948150	0.942947	0.762992	-0.000000
2.092000	-1.669347	0.872719	0.935981	0.880625	0.762088	-0.000000
2.093000	-1.668125	0.871906	0.957049	0.925970	0.760693	-0.000000
2.094000	-1.667874	0.872043	0.954854	0.944215	0.760942	-0.000000
2.095000	-1.666708	0.871946	0.971477	0.882096	0.760742	-0.000000
2.096000	-1.666267	0.870877	0.939776	0.909298	0.758892	-0.000000
2.097000	-1.665379	0.869991	0.985607	1.047936	0.757421	-0.000000
2.098000	-1.663722	0.869494	0.952305	0.949646	0.756507	-0.000000
2.099000	-1.662681	0.869628	0.963853	0.905332	0.756717	-0.000000
2.100000	-1.662379	0.869330	0.934618	0.861362	0.756177	-0.000000
2.101000	-1.662121	0.869373	0.966811	0.872529	0.756256	-0.000000
2.102000	-1.659175	0.866668	0.959687	0.993272	0.751623	-0.000000
2.103000	-1.659023	0.867018	0.970759	0.981571	0.752225	-0.000000
2.104000	-1.657876	0.866310	0.969401	0.982392	0.750997	-0.000000
2.105000	-1.658780	0.867972	0.936631	0.884700	0.753831	-0.000000
2.106000	-1.655792	0.864935	0.989861	1.104086	0.748680	-0.000000
2.107000	-1.654077	0.863570	1.016671	1.108396	0.746323	-0.000000
2.108000	-1.654224	0.863727	0.968479	1.241684	0.746663	-0.000000
2.109000	-1.653251	0.864020	0.998060	1.000883	0.747047	-0.000000
2.110000	-1.654054	0.864882	0.978754	0.898669	0.748484	-0.000000
2.111000	-1.652189	0.863891	1.001771	1.016472	0.746832	-0.000000
2.112000	-1.650141	0.861980	0.999423	0.983872	0.743517	-0.000000
2.113000	-1.649755	0.860892	1.015201	1.283202	0.741797	-0.000000
2.114000	-1.649395	0.861754	0.985545	1.033364	0.743154	-0.000000
2.115000	-1.646135	0.858454	1.077934	1.291840	0.737611	-0.000000
2.116000	-1.646402	0.859629	0.980745	1.093751	0.739526	-0.000000
2.117000	-1.644304	0.858406	1.010716	1.095025	0.737427	-0.000000
2.118000	-1.644992	0.858898	0.987516	1.068432	0.738259	-0.000000
2.119000	-1.642913	0.856819	1.047689	1.256935	0.734789	-0.000000
2.120000	-1.642288	0.857589	1.008314	1.039342	0.735997	-0.000000
2.121000	-1.642090	0.857948	0.972323	0.988676	0.736586	-0.000000
2.122000	-1.639727	0.855264	1.028721	1.213199	0.732105	-0.000000
2.123000	-1.639158	0.855116	1.085898	1.241745	0.731868	-0.000000
2.124000	-1.639088	0.855393	1.016042	1.186765	0.732313	0.000000
2.125000	-1.637262	0.853553	1.049691	1.370571	0.729264	-0.000000
2.126000	-1.635800	0.852654	1.034014	1.297519	0.727691	-0.000000
2.127000	-1.634191	0.851713	1.052657	1.327383	0.726105	-0.000000
2.128000	-1.634780	0.852936	1.076293	1.314382	0.728183	0.000000
2.129000	-1.631360	0.849722	1.092265	1.444509	0.722779	-0.000000
2.130000	-1.632655	0.852125	1.032057	1.157150	0.726719	-0.000000
2.131000	-1.631246	0.850331	1.040552	1.292715	0.723735	0.000000
2.132000	-1.631368	0.850886	1.022305	1.219653	0.724642	-0.000000
2.133000	-1.627458	0.846087	1.088805	1.797123	0.716799	0.000000
2.134000	-1.628742	0.848734	1.066209	1.317256	0.721036	-0.000000
2.135000	-1.626507	0.846857	1.122723	1.583777	0.717992	-0.000000
2.136000	-1.626184	0.845276	1.113698	1.733609	0.715396	-0.000000
2.137000	-1.623115	0.845096	1.084321	1.411792	0.714923	-0.000000
2.138000	-1.620987	0.841063	1.134911	1.858073	0.708358	0.000000
2.139000	-1.621223	0.844536	1.088373	1.330682	0.713936	-0.000000
2.140000	-1.620413	0.843799	1.064586	1.313642	0.712684	-0.000000
2.141000	-1.619374	0.842732	1.075214	1.448367	0.710955	-0.000000
2.142000	-1.619123	0.842453	1.104367	1.501730	0.710512	-0.000000
2.143000	-1.617196	0.840891	1.109722	1.581104	0.707925	0.000000
2.144000	-1.616053	0.839121	1.148777	1.738428	0.705034	0.000000
2.145000	-1.615280	0.839615	1.116669	1.524796	0.705752	0.000000
2.146000	-1.615504	0.840678	1.110847	1.494714	0.707523	0.000000
2.147000	-1.611925	0.836549	1.154952	1.923063	0.700822	0.000000
2.148000	-1.612693	0.838351	1.127944	1.565856	0.703654	0.000000
2.149000	-1.610082	0.836119	1.143147	1.873601	0.700077	-0.000000
2.150000	-1.608773	0.834929	1.211262	1.988387	0.698150	0.000000
2.151000	-1.609316	0.836324	1.154887	1.633514	0.700295	0.000000
2.152000	-1.606562	0.833696	1.151351	1.816718	0.696004	0.000000
2.153000	-1.605978	0.832952	1.127537	1.851802	0.694783	0.000000
2.154000	-1.605234	0.833446	1.146328	1.749066	0.695552	0.000000
2.155000	-1.603103	0.830660	1.168464	1.968222	0.691032	0.000000
2.156000	-1.604601	0.832790	1.149491	2.012741	0.694599	0.000000
2.157000	-1.600856	0.828107	1.221061	2.211037	0.686926	0.000000
2.158000	-1.601138	0.830176	1.195148	1.910780	0.690199	0.000000
2.159000	-1.601151	0.830300	1.205897	2.020570	0.690464	0.000000
2.160000	-1.599137	0.828305	1.204506	2.075762	0.687184	0.000000
2.161000	-1.595194	0.824469	1.175672	2.115157	0.680864	0.000000
2.162000	-1.595808	0.826187	1.159474	2.090230	0.683689	0.000000
2.163000	-1.592940	0.823658	1.234804	2.135141	0.679539	0.000000
2.164000	-1.592049	0.822426	1.212923	2.254143	0.677576	0.000000
2.165000	-1.590619	0.820223	1.221697	2.526360	0.674101	0.000000
2.166000	-1.589419	0.821241	1.292777	2.448995	0.675733	0.000000
2.167000	-1.590922	0.823386	1.261869	2.683258	0.679384	0.000000
2.168000	-1.588085	0.820384	1.270080	2.203708	0.674196	0.000000
2.169000	-1.586964	0.819981	1.241084	2.578498	0.673734	0.000000
2.170000	-1.584494	0.813604	1.269629	4.874457	0.664534	0.000000
2.171000	-1.585198	0.818338	1.226522	2.621925	0.671067	0.000000
2.172000	-1.583315	0.815094	1.267788	3.336002	0.666148	0.000000
2.173000	-1.584899	0.818883	1.170412	2.290341	0.671784	0.000000
2.174000	-1.581777	0.816347	1.269220	2.487483	0.667742	0.000000
2.175000	-1.579130	0.812763	1.288930	2.730771	0.662034	0.000000
2.176000	-1.577725	0.811242	1.273032	2.706583	0.659552	0.000000
2.177000	-1.579970	0.814175	1.197198	3.001751	0.664477	0.000000
2.178000	-1.575582	0.810754	1.257081	2.600440	0.658705	0.000000
2.179000	-1.575400	0.810967	1.273810	2.509523	0.659002	0.000000
2.180000	-1.573985	0.810469	1.203451	2.409272	0.658143	0.000000
2.181000	-1.572721	0.807702	1.338942	4.002516	0.654514	0.000000
2.182000	-1.570429	0.806422	1.332444	2.961753	0.651894	0.000000
2.183000	-1.570699	0.807221	1.276734	2.794743	0.653096	0.000000
2.184000	-1.569384	0.805589	1.279952	2.890278	0.650515	0.000000
2.185000	-1.565921	0.798735	1.382713	4.506253	0.640382	0.000000
2.186000	-1.566221	0.802577	1.359842	3.200026	0.645838	0.000000
2.187000	-1.562785	0.797425	1.281686	3.857158	0.637946	0.000000
2.188000	-1.562437	0.799779	1.340907	3.208726	0.641360	0.000000
2.189000	-1.560249	0.799775	1.343253	2.868342	0.641174	0.000000
2.190000	-1.562170	0.798219	1.325718	4.223916	0.639411	0.000000
2.191000	-1.557284	0.791856	1.379190	4.737245	0.629569	0.000000
2.192000	-1.559973	0.798576	1.301983	3.144715	0.639407	0.000000
2.193000	-1.556343	0.794158	1.314069	3.703646	0.632669	0.000000
2.194000	-1.557565	0.798182	1.325133	2.917731	0.638657	0.000000
2.195000	-1.553264	0.792725	1.318066	3.149958	0.630101	0.000000
2.196000	-1.551898	0.787891	1.450770	6.059343	0.624020	0.000000
2.197000	-1.551954	0.791971	1.328209	4.087154	0.629410	0.000000
2.198000	-1.547123	0.783188	1.412825	5.220861	0.616185	0.000000
2.199000	-1.547728	0.788070	1.362589	3.594287	0.622984	0.000000
2.200000	-1.544893	0.782280	1.412726	4.241210	0.614240	0.000000
2.201000	-1.541214	0.777208	1.564015	5.938841	0.607244	0.000000
2.202000	-1.541286	0.779230	1.423141	5.137103	0.609961	0.000000
2.203000	-1.543175	0.785096	1.314035	3.570121	0.618295	0.000000
2.204000	-1.543757	0.785488	1.422307	4.417757	0.619369	0.000000
2.205000	-1.539575	0.778628	1.493352	4.588193	0.608731	0.000000
2.206000	-1.535013	0.772702	1.398345	4.620087	0.599557	0.000000
2.207000	-1.540083	0.781784	1.422207	4.134574	0.613413	0.000000
2.208000	-1.532307	0.769843	1.434739	5.284917	0.595507	0.000000
2.209000	-1.530389	0.765480	1.507237	6.125251	0.589263	0.000000
2.210000	-1.534049	0.773000	1.463042	5.571709	0.600536	0.000000
2.211000	-1.530639	0.770199	1.487254	6.253675	0.596582	0.000000
2.212000	-1.530696	0.773168	1.462353	4.356074	0.600142	0.000000
2.213000	-1.530205	0.772937	1.412869	4.037914	0.599613	0.000000
2.214000	-1.527343	0.768346	1.529705	5.483152	0.593320	0.000000
2.215000	-1.523994	0.762066	1.495425	8.102932	0.585126	0.000000
2.216000	-1.523825	0.763759	1.491323	6.003270	0.586576	0.000000
2.217000	-1.522623	0.761118	1.531832	6.319940	0.582721	0.000000
2.218000	-1.522191	0.763959	1.382092	4.943637	0.586311	0.000000
2.219000	-1.519907	0.762237	1.384577	4.415423	0.583397	0.000000
2.220000	-1.518262	0.756772	1.563509	6.089574	0.576005	0.000000
2.221000	-1.515200	0.752796	1.537636	6.569313	0.570263	0.000000
2.222000	-1.512432	0.748911	1.589681	8.076515	0.565249	0.000000
2.223000	-1.510647	0.748833	1.525929	6.312040	0.564176	0.000000
2.224000	-1.512355	0.751073	1.594841	7.805656	0.568349	0.000000
2.225000	-1.506480	0.734880	1.808962	15.685615	0.548569	0.000000
2.226000	-1.506080	0.743410	1.493510	7.579606	0.556777	0.000000
2.227000	-1.507915	0.749914	1.603780	6.215868	0.565750	0.000000
2.228000	-1.499589	0.720236	1.765268	20.332036	0.529799	0.000000
2.229000	-1.506032	0.746192	1.542220	6.899720	0.560557	0.000000
2.230000	-1.503255	0.740671	1.770799	10.068828	0.554075	0.000000
2.231000	-1.498587	0.737850	1.642233	7.650566	0.548590	0.000000
2.232000	-1.496139	0.732618	1.645707	7.901274	0.541034	0.000000
2.233000	-1.496097	0.730940	1.651739	9.043394	0.539204	0.000000
2.234000	-1.483946	0.673054	2.206377	57.709074	0.484477	0.000000
2.235000	-1.499351	0.742012	1.615466	7.173597	0.554496	0.000000
2.236000	-1.487631	0.715527	1.694116	12.331747	0.518711	0.000000
2.237000	-1.492506	0.733242	1.641562	7.557911	0.541772	0.000000
2.238000	-1.485281	0.708440	1.863467	21.369234	0.513563	0.000000
2.239000	-1.485710	0.716068	1.788033	11.594811	0.519091	0.000000
2.240000	-1.476902	0.677521	2.034211	35.296605	0.478337	0.000000
2.241000	-1.479582	0.698091	1.771707	19.540644	0.498022	0.000000
2.242000	-1.473868	0.689731	1.928830	21.951746	0.487745	0.000000
2.243000	-1.476939	0.686389	2.147372	40.710621	0.493423	0.000000
2.244000	-1.476342	0.705675	1.739495	11.236786	0.504133	0.000000
2.245000	-1.467560	0.668779	2.257825	36.594319	0.467323	0.000000
2.246000	-1.473238	0.700546	1.837227	14.808193	0.498885	0.000000
2.247000	-1.469637	0.688693	1.843328	19.111765	0.484783	0.000000
2.248000	-1.467672	0.682938	2.013287	23.689980	0.479406	0.000000
2.249000	-1.467817	0.691757	1.902193	17.330989	0.488044	0.000000
2.250000	-1.462803	0.671618	1.975459	29.174209	0.467096	0.000000
2.251000	-1.468175	0.700278	1.676764	10.766515	0.496306	0.000000
2.252000	-1.459839	0.676051	1.957207	24.679938	0.470614	0.000000
2.253000	-1.452879	0.660213	2.100165	24.656193	0.449444	0.000000
2.254000	-1.452585	0.652551	2.053549	30.820494	0.442783	0.000000
2.255000	-1.458914	0.682957	1.836754	15.012090	0.474695	0.000000
2.256000	-1.453808	0.667422	1.941615	27.578774	0.460641	0.000000
2.257000	-1.441079	0.611671	2.241932	54.779505	0.404326	0.000000
2.258000	-1.453731	0.680970	1.848637	14.294734	0.471600	0.000000
2.259000	-1.453163	0.682753	1.755477	13.051615	0.473350	0.000000
2.260000	-1.442399	0.645016	1.923425	33.307208	0.434423	0.000000
2.261000	-1.445393	0.657929	2.247407	31.890450	0.450475	0.000000
2.262000	-1.441933	0.648668	1.886874	21.448207	0.432615	-0.000000
2.263000	-1.432840	0.605627	1.980707	42.318286	0.390164	-0.000000
2.264000	-1.443141	0.659701	1.912172	22.275098	0.447517	0.000000
2.265000	-1.437747	0.649968	1.886381	19.338053	0.433152	-0.000000
2.266000	-1.435253	0.633744	1.991095	27.632902	0.416918	-0.000000
2.267000	-1.435810	0.648681	1.921088	17.878086	0.430681	-0.000000
2.268000	-1.425957	0.612359	2.031360	32.422636	0.392936	-0.000000
2.269000	-1.421059	0.582171	2.300674	52.109603	0.367789	-0.000000
2.270000	-1.420336	0.587871	2.106434	47.515747	0.371925	-0.000000
2.271000	-1.418420	0.586501	2.217132	50.432844	0.371946	-0.000000
2.272000	-1.409159	0.548386	2.325047	66.153258	0.337421	-0.000000
2.273000	-1.411233	0.562864	2.347915	63.231366	0.351905	-0.000000
2.274000	-1.417021	0.603291	2.284163	39.881582	0.386101	-0.000000
2.275000	-1.405916	0.547997	2.287320	64.781531	0.336282	-0.000000
2.276000	-1.407265	0.556452	2.226645	58.672119	0.342241	-0.000000
2.277000	-1.402146	0.542713	2.164796	50.136515	0.322409	-0.000000
2.278000	-1.398119	0.518495	2.338671	73.943337	0.309960	-0.000000
2.279000	-1.411718	0.600156	2.073334	34.322378	0.379285	-0.000000
2.280000	-1.397557	0.526364	2.263006	67.069114	0.314393	-0.000000
2.281000	-1.402083	0.560132	2.385919	55.677838	0.344754	-0.000000
2.282000	-1.383713	0.477833	2.357854	79.161545	0.272428	-0.000000
2.283000	-1.396835	0.538708	2.379809	61.704196	0.324599	-0.000000
2.284000	-1.386690	0.511985	2.109610	57.756065	0.294334	-0.000000
2.285000	-1.395762	0.541045	2.186698	57.168004	0.324622	-0.000000
2.286000	-1.390785	0.531938	2.189096	57.738897	0.315183	-0.000000
2.287000	-1.380834	0.494290	2.409529	64.780541	0.280493	-0.000000
2.288000	-1.383597	0.505291	2.344941	68.317149	0.293480	-0.000000
2.289000	-1.378471	0.501072	2.282786	63.006467	0.286284	-0.000000
2.290000	-1.372669	0.472715	2.204804	66.179413	0.260459	-0.000000
2.291000	-1.376078	0.480088	2.300528	75.802340	0.272883	-0.000000
2.292000	-1.377036	0.505266	2.243483	62.835490	0.290455	-0.000000
2.293000	-1.365128	0.428084	2.256940	83.245098	0.229857	-0.000000
2.294000	-1.369476	0.458055	2.209721	73.241021	0.250833	0.000000
2.295000	-1.358761	0.412800	2.326557	78.236154	0.214240	0.000000
2.296000	-1.356881	0.404838	2.226471	81.997877	0.209858	0.000000
2.297000	-1.363753	0.463104	2.235544	65.274920	0.251071	0.000000
2.298000	-1.355140	0.442984	2.104132	56.981131	0.228203	-0.000000
2.299000	-1.357379	0.461805	2.089349	57.907513	0.245766	-0.000000
2.300000	-1.368994	0.494017	2.152632	63.751424	0.279851	-0.000000
2.301000	-1.348552	0.389994	2.051602	78.010204	0.195919	-0.000000
2.302000	-1.357275	0.459729	2.038225	61.240394	0.245769	-0.000000
2.303000	-1.351377	0.445950	1.911117	55.357787	0.229997	-0.000000
2.304000	-1.346912	0.411418	1.982017	66.955239	0.206927	-0.000000
2.305000	-1.350305	0.438107	2.156073	68.464299	0.230466	-0.000000
2.306000	-1.337762	0.372376	2.066171	66.684799	0.176207	-0.000000
2.307000	-1.351698	0.479839	1.990145	43.142378	0.254544	-0.000000
2.308000	-1.344252	0.417226	1.960677	65.460029	0.210963	0.000000
2.309000	-1.334463	0.372675	1.986947	70.437967	0.178594	-0.000000
2.310000	-1.329899	0.344650	2.180788	73.345306	0.160148	0.000000
2.311000	-1.328527	0.356700	1.936660	69.619370	0.166515	-0.000000
2.312000	-1.338346	0.412069	2.041821	64.145899	0.206008	-0.000000
2.313000	-1.330083	0.355923	2.033398	74.123330	0.168538	0.000000
2.314000	-1.328019	0.359167	2.020265	78.040443	0.173089	-0.000000
2.315000	-1.325315	0.365282	1.744331	57.721838	0.166054	-0.000000
2.316000	-1.321534	0.332422	1.788059	64.730638	0.147105	0.000000
2.317000	-1.327049	0.387096	1.927375	66.064652	0.187214	-0.000000
2.318000	-1.325303	0.375894	2.041094	68.161590	0.179870	-0.000000
2.319000	-1.309156	0.298408	1.700359	57.734463	0.121734	0.000000
2.320000	-1.317571	0.348684	1.791360	61.488573	0.156408	0.000000
2.321000	-1.323035	0.398647	1.876194	55.793134	0.190535	0.000000
2.322000	-1.309687	0.326738	1.791285	59.187963	0.140311	0.000000
2.323000	-1.303452	0.286349	1.603374	59.018911	0.115468	0.000000
2.324000	-1.308017	0.323344	1.725320	56.437668	0.136573	0.000000
2.325000	-1.302364	0.275962	1.694595	57.675472	0.108893	0.000000
2.326000	-1.303599	0.310962	1.723952	60.475522	0.131040	0.000000
2.327000	-1.298196	0.286757	1.539488	51.116408	0.111270	0.000000
2.328000	-1.303128	0.317649	1.638595	49.669034	0.129131	0.000000
2.329000	-1.301132	0.316911	1.602014	53.751962	0.130996	0.000000
2.330000	-1.289906	0.236302	1.483116	46.509167	0.082295	0.000000
2.331000	-1.295120	0.284584	1.604873	50.431374	0.109688	0.000000
2.332000	-1.296466	0.284186	1.603498	56.994870	0.113211	0.000000
2.333000	-1.299548	0.323284	1.613562	54.743559	0.135694	0.000000
2.334000	-1.294391	0.300272	1.599869	52.886497	0.120299	-0.000000
2.335000	-1.288750	0.282671	1.692524	54.902401	0.111201	0.000000
2.336000	-1.293373	0.326609	1.555696	45.301297	0.132510	0.000000
2.337000	-1.290117	0.300159	1.616991	51.974397	0.119750	0.000000
2.338000	-1.283324	0.252831	1.487986	49.642022	0.092259	0.000000
2.339000	-1.283791	0.282380	1.784500	60.952433	0.114545	0.000000
2.340000	-1.287388	0.304278	1.629912	54.398499	0.123662	0.000000
2.341000	-1.280359	0.263898	1.450045	42.241743	0.093785	0.000000
2.342000	-1.279260	0.262054	1.425131	49.996685	0.097259	0.000000
2.343000	-1.276892	0.248006	1.415661	43.374569	0.086318	0.000000
2.344000	-1.273535	0.225905	1.387867	44.701680	0.076614	0.000000
2.345000	-1.274959	0.251998	1.449255	42.988651	0.088114	0.000000
2.346000	-1.272146	0.225825	1.367280	44.724688	0.076613	0.000000
2.347000	-1.268196	0.241864	1.418534	41.476602	0.082264	0.000000
2.348000	-1.268422	0.214846	1.320518	42.646611	0.070606	0.000000
2.349000	-1.267090	0.213566	1.306280	38.171603	0.067501	0.000000
2.350000	-1.266559	0.239875	1.377572	41.491147	0.081345	0.000000
2.351000	-1.264361	0.218281	1.365924	36.391041	0.068534	0.000000
2.352000	-1.261792	0.213234	1.335544	37.588008	0.067053	0.000000
2.353000	-1.268374	0.264821	1.491655	47.979859	0.097693	0.000000
2.354000	-1.265816	0.255016	1.481507	47.754162	0.092478	0.000000
2.355000	-1.259072	0.214823	1.385515	39.869651	0.069072	0.000000
2.356000	-1.258220	0.223670	1.386344	42.936240	0.074725	0.000000
2.357000	-1.255149	0.196950	1.244582	31.887951	0.057139	0.000000
2.358000	-1.256449	0.210010	1.324070	36.556216	0.065149	0.000000
2.359000	-1.254409	0.244477	1.413088	42.013939	0.083966	0.000000
2.360000	-1.255991	0.224711	1.352522	37.467952	0.072083	0.000000
2.361000	-1.252653	0.204394	1.295760	31.355228	0.059851	0.000000
2.362000	-1.252154	0.220190	1.323760	34.852443	0.068581	0.000000
2.363000	-1.248823	0.199215	1.272640	35.363060	0.060088	0.000000
2.364000	-1.245513	0.182249	1.304449	30.850136	0.051020	0.000000
2.365000	-1.247876	0.200673	1.238526	33.370218	0.059537	0.000000
2.366000	-1.245640	0.194954	1.315436	32.933370	0.057030	0.000000
2.367000	-1.245928	0.208903	1.330197	38.063326	0.065637	0.000000
2.368000	-1.239391	0.189814	1.213683	29.787077	0.053250	0.000000
2.369000	-1.239827	0.195024	1.290514	33.985399	0.057690	0.000000
2.370000	-1.240347	0.198729	1.314742	33.830433	0.059068	0.000000
2.371000	-1.239114	0.196070	1.282982	34.557017	0.058447	0.000000
2.372000	-1.240725	0.208360	1.328244	35.884799	0.064195	0.000000
2.373000	-1.235125	0.212115	1.274024	30.059840	0.062408	0.000000
2.374000	-1.236229	0.181824	1.287533	30.329600	0.050639	0.000000
2.375000	-1.231632	0.181690	1.324124	28.219549	0.049374	0.000000
2.376000	-1.235292	0.213948	1.289441	30.665996	0.063562	0.000000
2.377000	-1.230099	0.179594	1.159175	28.111493	0.048568	0.000000
2.378000	-1.228795	0.180994	1.186355	26.448090	0.048114	0.000000
2.379000	-1.225710	0.171329	1.224558	25.262275	0.044026	0.000000
2.380000	-1.229660	0.190306	1.216044	29.128112	0.053141	0.000000
2.381000	-1.224491	0.181111	1.246706	25.169328	0.047432	0.000000
2.382000	-1.227527	0.187407	1.206704	29.815183	0.052460	0.000000
2.383000	-1.227405	0.195042	1.243954	30.549045	0.055814	0.000000
2.384000	-1.225127	0.195011	1.233420	28.585840	0.054667	0.000000
2.385000	-1.220211	0.152888	1.130848	22.780262	0.036639	0.000000
2.386000	-1.222197	0.170859	1.161390	25.379441	0.043977	0.000000
2.387000	-1.220630	0.186340	1.239983	27.753669	0.050897	0.000000
2.388000	-1.218138	0.175498	1.161170	28.566872	0.047454	0.000000
2.389000	-1.216665	0.173924	1.173894	25.507202	0.045127	0.000000
2.390000	-1.216115	0.173420	1.192775	25.146703	0.044748	0.000000
2.391000	-1.215991	0.185955	1.161569	27.669851	0.050731	0.000000
2.392000	-1.212590	0.167635	1.224419	25.386756	0.042927	0.000000
2.393000	-1.209962	0.140819	1.150599	18.445185	0.030606	0.000000
2.394000	-1.212081	0.170573	1.156498	24.530330	0.043432	0.000000
2.395000	-1.210837	0.168458	1.178431	27.298790	0.044340	0.000000
2.396000	-1.212307	0.178279	1.210541	27.767011	0.048026	0.000000
2.397000	-1.204978	0.145615	1.201591	20.052739	0.032939	0.000000
2.398000	-1.205733	0.141442	1.041694	18.607286	0.030900	0.000000
2.399000	-1.204694	0.155633	1.119615	19.948352	0.035905	0.000000
2.400000	-1.204540	0.158277	1.134490	22.162806	0.038038	0.000000
2.401000	-1.201824	0.146384	1.119069	20.161122	0.033246	0.000000
2.402000	-1.201953	0.151844	1.100416	19.633476	0.034570	0.000000
2.403000	-1.202247	0.159624	1.095676	22.101709	0.038446	0.000000
2.404000	-1.196969	0.146846	1.069325	18.828150	0.032614	0.000000
2.405000	-1.197133	0.142432	1.131817	19.878758	0.031959	0.000000
2.406000	-1.197777	0.159254	1.094935	19.149704	0.036611	0.000000
2.407000	-1.196156	0.151915	1.089030	19.678219	0.034642	0.000000
2.408000	-1.193611	0.134068	1.051562	16.039831	0.027404	0.000000
2.409000	-1.195599	0.160538	1.131159	22.309399	0.038893	0.000000
2.410000	-1.191967	0.150061	1.045094	21.343340	0.035076	0.000000
2.411000	-1.192426	0.160369	1.068302	21.022955	0.038093	0.000000
2.412000	-1.191560	0.141765	1.123936	19.481963	0.031570	0.000000
2.413000	-1.189800	0.148491	1.123614	21.725951	0.034849	0.000000
2.414000	-1.186766	0.134803	1.068764	15.267011	0.027170	0.000000
2.415000	-1.187553	0.150090	1.030609	19.130155	0.033806	0.000000
2.416000	-1.185761	0.150236	1.037476	19.120499	0.033849	0.000000
2.417000	-1.185211	0.145356	1.047480	18.010952	0.031756	0.000000
2.418000	-1.185622	0.149209	1.078107	19.703448	0.033895	0.000000
2.419000	-1.183462	0.149108	1.043768	20.808736	0.034522	0.000000
2.420000	-1.182124	0.145221	1.084445	17.449101	0.031398	0.000000
2.421000	-1.181742	0.139026	1.048327	17.283899	0.029544	0.000000
2.422000	-1.179628	0.141838	1.048010	16.274058	0.029741	0.000000
2.423000	-1.179694	0.145193	1.037693	18.010281	0.031735	0.000000
2.424000	-1.177564	0.136673	1.060772	17.820033	0.029225	0.000000
2.425000	-1.177252	0.136261	1.003440	15.620753	0.027815	0.000000
2.426000	-1.177893	0.141978	1.056819	18.881589	0.031341	0.000000
2.427000	-1.174755	0.133201	1.060818	15.358879	0.026843	0.000000
2.428000	-1.174571	0.134504	1.033074	16.948644	0.028138	0.000000
2.429000	-1.169567	0.127319	1.037780	15.113964	0.025173	0.000000
2.430000	-1.171754	0.126642	1.026685	15.126715	0.025012	0.000000
2.431000	-1.169737	0.130821	0.996937	16.336034	0.026810	0.000000
2.432000	-1.169079	0.138673	1.029223	16.892908	0.029260	0.000000
2.433000	-1.169677	0.147468	1.098663	19.338844	0.033234	0.000000
2.434000	-1.169709	0.131584	1.046728	16.621251	0.027191	0.000000
2.435000	-1.168452	0.141394	1.037205	18.137418	0.030775	0.000000
2.436000	-1.166293	0.126444	0.984001	15.005661	0.024912	0.000000
2.437000	-1.165928	0.139931	0.996036	17.079992	0.029743	0.000000
2.438000	-1.164571	0.136894	1.054440	17.884275	0.029385	0.000000
2.439000	-1.162956	0.125265	0.972428	13.237474	0.023574	0.000000
2.440000	-1.162193	0.127027	0.992081	14.897328	0.025010	0.000000
2.441000	-1.161856	0.123816	0.977355	14.711763	0.024098	0.000000
2.442000	-1.159360	0.123567	1.021752	13.487003	0.023310	0.000000
2.443000	-1.158633	0.114683	0.987955	12.226197	0.020444	0.000000
2.444000	-1.157242	0.127396	0.984476	14.663637	0.024979	0.000000
2.445000	-1.157623	0.132967	0.994284	15.128216	0.026710	0.000000
2.446000	-1.155658	0.114915	1.013760	13.104511	0.021031	0.000000
2.447000	-1.157203	0.121608	0.996678	12.807861	0.022440	0.000000
2.448000	-1.154965	0.117619	0.961140	13.704290	0.022025	0.000000
2.449000	-1.153250	0.118800	0.977255	13.634020	0.022265	0.000000
2.450000	-1.152610	0.126156	0.986996	14.241570	0.024434	0.000000
2.451000	-1.153022	0.125876	0.997228	13.179587	0.023731	0.000000
2.452000	-1.149677	0.116738	0.963894	13.238748	0.021553	0.000000
2.453000	-1.148072	0.114165	0.919273	11.746588	0.020068	0.000000
2.454000	-1.148058	0.124743	0.945366	13.263776	0.023507	0.000000
2.455000	-1.146071	0.108190	0.956990	10.632499	0.018078	0.000000
2.456000	-1.143602	0.112611	0.942754	12.247910	0.020025	0.000000
2.457000	-1.145146	0.114032	0.943005	11.771429	0.020065	0.000000
2.458000	-1.145429	0.113169	0.922872	11.851374	0.019919	0.000000
2.459000	-1.142176	0.123459	0.954155	13.235840	0.023188	0.000000
2.460000	-1.142016	0.112556	0.919331	11.589217	0.019629	0.000000
2.461000	-1.142908	0.121643	0.907083	13.681163	0.023017	0.000000
2.462000	-1.140308	0.114577	0.933627	11.924549	0.020295	0.000000
2.463000	-1.139454	0.108652	0.921139	10.591381	0.018174	0.000000
2.464000	-1.138057	0.117163	0.944320	12.623438	0.021321	0.000000
2.465000	-1.137077	0.108200	0.927817	11.133975	0.018408	0.000000
2.466000	-1.138470	0.114017	0.930109	12.294048	0.020402	0.000000
2.467000	-1.134092	0.112813	0.888452	11.174840	0.019457	0.000000
2.468000	-1.135638	0.121851	0.941131	12.567084	0.022420	0.000000
2.469000	-1.134062	0.101648	0.929885	10.165504	0.016460	0.000000
2.470000	-1.132875	0.109097	0.920090	11.999483	0.019138	0.000000
2.471000	-1.132665	0.112684	0.909839	11.626749	0.019712	0.000000
2.472000	-1.131743	0.104933	0.888536	10.308552	0.017232	0.000000
2.473000	-1.129985	0.100988	0.939038	9.304269	0.015816	0.000000
2.474000	-1.127064	0.102564	0.927182	10.032991	0.016579	0.000000
2.475000	-1.128843	0.108746	0.899918	10.674630	0.018276	0.000000
2.476000	-1.128459	0.112440	0.911463	11.198844	0.019412	0.000000
2.477000	-1.127146	0.107133	0.906553	9.948822	0.017494	0.000000
2.478000	-1.125397	0.107146	0.925681	10.675870	0.017939	0.000000
2.479000	-1.125042	0.100603	0.895327	8.888720	0.015501	0.000000
2.480000	-1.123032	0.101367	0.894369	9.552495	0.016059	0.000000
2.481000	-1.124181	0.102976	0.905247	9.142358	0.016142	0.000000
2.482000	-1.121235	0.104420	0.908091	10.520405	0.017278	0.000000
2.483000	-1.119485	0.101899	0.864152	10.190950	0.016561	0.000000
2.484000	-1.119516	0.105754	0.889640	9.803836	0.017129	0.000000
2.485000	-1.119653	0.106571	0.932879	10.343015	0.017632	0.000000
2.486000	-1.119421	0.110937	0.893842	10.646493	0.018769	0.000000
2.487000	-1.118526	0.105005	0.910472	9.633086	0.016875	0.000000
2.488000	-1.117171	0.100598	0.880878	9.101559	0.015648	0.000000
2.489000	-1.114420	0.101111	0.842938	8.720750	0.015523	0.000000
2.490000	-1.114767	0.108617	0.857879	10.344078	0.018086	0.000000
2.491000	-1.113363	0.105560	0.871462	9.302646	0.016800	0.000000
2.492000	-1.113451	0.104416	0.898928	9.794419	0.016862	0.000000
2.493000	-1.112320	0.105128	0.891864	9.249675	0.016682	0.000000
2.494000	-1.110432	0.097440	0.879548	8.706885	0.014796	0.000000
2.495000	-1.109235	0.102405	0.888695	9.690803	0.016390	0.000000
2.496000	-1.109175	0.095880	0.892611	8.362380	0.014289	0.000000
2.497000	-1.109024	0.097402	0.873991	8.494848	0.014666	0.000000
2.498000	-1.106612	0.100204	0.860754	9.509166	0.015840	0.000000
2.499000	-1.106278	0.101036	0.882275	9.459749	0.015980	0.000000
2.500000	-1.105817	0.098581	0.824195	9.371739	0.015438	0.000000
2.501000	-1.105187	0.097693	0.870680	8.589994	0.014789	0.000000
2.502000	-1.102560	0.094011	0.870276	7.710794	0.013548	0.000000
2.503000	-1.102196	0.090825	0.878561	7.919588	0.013089	0.000000
2.504000	-1.100872	0.091118	0.863770	7.885271	0.013123	0.000000
2.505000	-1.101647	0.097484	0.799961	7.952357	0.014367	0.000000
2.506000	-1.102261	0.106837	0.860704	10.291993	0.017711	0.000000
2.507000	-1.099553	0.096513	0.847362	8.306018	0.014398	0.000000
2.508000	-1.098137	0.093190	0.840491	7.545301	0.013304	0.000000
2.509000	-1.097177	0.097644	0.802468	8.457585	0.014715	0.000000
2.510000	-1.096254	0.086698	0.838634	6.774392	0.011668	0.000000
2.511000	-1.096711	0.100435	0.879749	9.327848	0.015806	0.000000
2.512000	-1.095255	0.099576	0.877381	8.891178	0.015368	0.000000
2.513000	-1.094858	0.090443	0.845808	7.858952	0.013002	0.000000
2.514000	-1.094194	0.095697	0.871245	7.800516	0.013946	0.000000
2.515000	-1.093001	0.092829	0.820569	7.408372	0.013166	0.000000
2.516000	-1.092174	0.092507	0.800150	7.435405	0.013125	0.000000
2.517000	-1.090253	0.092474	0.827550	7.717352	0.013294	0.000000
2.518000	-1.091411	0.090819	0.849671	7.152612	0.012645	0.000000
2.519000	-1.091233	0.084469	0.850934	6.908924	0.011384	0.000000
2.520000	-1.088912	0.095964	0.825047	7.936681	0.014092	0.000000
2.521000	-1.088170	0.090818	0.824254	7.729244	0.013005	0.000000
2.522000	-1.087870	0.092212	0.808287	7.879271	0.013354	0.000000
2.523000	-1.085422	0.086755	0.796964	7.259185	0.011998	0.000000
2.524000	-1.087011	0.090370	0.850878	7.595286	0.012847	0.000000
2.525000	-1.085420	0.087643	0.805752	6.645543	0.011778	0.000000
2.526000	-1.082962	0.088229	0.790698	7.344399	0.012314	0.000000
2.527000	-1.083826	0.092688	0.805957	7.734197	0.013363	0.000000
2.528000	-1.082242	0.091773	0.812107	7.804670	0.013239	0.000000
2.529000	-1.082732	0.096749	0.801479	7.931477	0.014258	0.000000
2.530000	-1.080666	0.087519	0.828746	7.100565	0.012045	0.000000
2.531000	-1.079447	0.085965	0.815731	6.628636	0.011486	0.000000
2.532000	-1.078909	0.091994	0.812188	7.392374	0.013033	0.000000
2.533000	-1.078802	0.084109	0.799918	6.242894	0.010935	0.000000
2.534000	-1.077456	0.090772	0.817936	7.252158	0.012726	0.000000
2.535000	-1.076152	0.087826	0.807996	6.661284	0.011836	0.000000
2.536000	-1.075379	0.089754	0.797928	7.069317	0.012433	0.000000
2.537000	-1.075221	0.086323	0.787561	6.625419	0.011555	0.000000
2.538000	-1.075084	0.088577	0.781996	6.863831	0.012099	0.000000
2.539000	-1.073674	0.084881	0.786608	6.361294	0.011148	0.000000
2.540000	-1.072130	0.082980	0.792374	6.604118	0.010981	0.000000
2.541000	-1.071831	0.086247	0.775410	6.802624	0.011659	0.000000
2.542000	-1.070702	0.089066	0.776310	7.096907	0.012337	0.000000
2.543000	-1.070365	0.085053	0.760827	6.674057	0.011378	0.000000
2.544000	-1.069290	0.085466	0.802181	6.561730	0.011380	0.000000
2.545000	-1.070101	0.086155	0.769217	6.533936	0.011483	0.000000
2.546000	-1.069426	0.089699	0.778064	7.230483	0.012540	0.000000
2.547000	-1.068081	0.086067	0.787669	6.267310	0.011305	0.000000
2.548000	-1.066347	0.083210	0.769492	6.531357	0.010987	0.000000
2.549000	-1.065838	0.081196	0.800541	5.735627	0.010162	0.000000
2.550000	-1.066372	0.087079	0.754101	6.851762	0.011848	0.000000
2.551000	-1.063763	0.087856	0.756831	7.137860	0.012164	0.000000
2.552000	-1.062617	0.083506	0.773100	6.063882	0.010751	0.000000
2.553000	-1.063638	0.083956	0.755970	6.592513	0.011158	0.000000
2.554000	-1.062435	0.083991	0.764845	6.422915	0.011059	0.000000
2.555000	-1.061135	0.086878	0.769817	6.784262	0.011780	0.000000
2.556000	-1.060349	0.077663	0.767062	5.621211	0.009539	0.000000
2.557000	-1.061089	0.081100	0.784750	6.401143	0.010573	0.000000
2.558000	-1.058941	0.085034	0.756095	6.239552	0.011127	0.000000
2.559000	-1.059173	0.083988	0.765685	6.459470	0.011090	0.000000
2.560000	-1.056506	0.083238	0.772509	5.919754	0.010628	0.000000
2.561000	-1.056626	0.084762	0.786014	6.510137	0.011255	0.000000
2.562000	-1.055908	0.086580	0.788785	7.212503	0.012008	0.000000
2.563000	-1.057110	0.083272	0.767431	6.036350	0.010711	0.000000
2.564000	-1.055855	0.084897	0.769171	6.388473	0.011206	0.000000
2.565000	-1.053916	0.084648	0.751553	6.330613	0.011130	0.000000
2.566000	-1.054499	0.083239	0.751717	6.241436	0.010839	0.000000
2.567000	-1.053354	0.080196	0.752632	5.852006	0.010099	0.000000
2.568000	-1.051802	0.082744	0.757903	5.737965	0.010444	0.000000
2.569000	-1.050045	0.080631	0.747187	5.734577	0.010098	0.000000
2.570000	-1.050867	0.080315	0.737777	5.678948	0.010014	0.000000
2.571000	-1.048632	0.080869	0.744836	5.740192	0.010143	0.000000
2.572000	-1.047633	0.079977	0.752902	5.704192	0.009978	0.000000
2.573000	-1.047327	0.077982	0.712879	5.364340	0.009451	0.000000
2.574000	-1.047158	0.080704	0.749153	5.832459	0.010178	0.000000
2.575000	-1.046843	0.081073	0.727060	5.952637	0.010315	0.000000
2.576000	-1.045557	0.076320	0.759090	5.160873	0.009070	0.000000
2.577000	-1.044984	0.077915	0.739933	5.170827	0.009324	0.000000
2.578000	-1.044130	0.081014	0.747750	5.574160	0.010072	0.000000
2.579000	-1.043434	0.080571	0.750061	5.775624	0.010128	0.000000
2.580000	-1.040808	0.077531	0.739157	5.278661	0.009336	0.000000
2.581000	-1.041149	0.077178	0.684769	5.051615	0.009140	0.000000
2.582000	-1.042409	0.079689	0.731854	5.419162	0.009766	0.000000
2.583000	-1.038965	0.078351	0.736555	5.067619	0.009335	0.000000
2.584000	-1.039852	0.081504	0.739766	5.772318	0.010284	0.000000
2.585000	-1.037395	0.077760	0.704788	5.372053	0.009437	0.000000
2.586000	-1.036739	0.074127	0.698514	4.610103	0.008405	0.000000
2.587000	-1.037524	0.077155	0.700175	5.286291	0.009292	0.000000
2.588000	-1.038706	0.083822	0.747483	5.661196	0.010603	0.000000
2.589000	-1.036660	0.078511	0.716891	5.466431	0.009619	0.000000
2.590000	-1.034910	0.078493	0.726221	5.739678	0.009791	0.000000
2.591000	-1.035163	0.076961	0.727348	5.343840	0.009303	0.000000
2.592000	-1.033422	0.076212	0.741543	5.085467	0.009026	0.000000
2.593000	-1.034260	0.076524	0.728891	5.405747	0.009278	0.000000
2.594000	-1.032542	0.078375	0.717427	5.612475	0.009697	0.000000
2.595000	-1.031305	0.075587	0.710107	4.990514	0.008875	0.000000
2.596000	-1.032274	0.075151	0.675114	5.019107	0.008829	0.000000
2.597000	-1.029350	0.072657	0.702431	4.662507	0.008235	0.000000
2.598000	-1.030040	0.073777	0.703356	4.527306	0.008315	0.000000
2.599000	-1.029515	0.074116	0.718968	4.704110	0.008478	0.000000
2.600000	-1.027798	0.075002	0.710913	4.824909	0.008688	0.000000
2.601000	-1.027705	0.075561	0.704444	4.979911	0.008872	0.000000
2.602000	-1.025559	0.074656	0.727038	5.163309	0.008853	0.000000
2.603000	-1.025980	0.070248	0.710738	4.303662	0.007670	0.000000
2.604000	-1.025441	0.074940	0.702064	5.088305	0.008851	0.000000
2.605000	-1.024827	0.076576	0.712590	5.116051	0.009118	0.000000
2.606000	-1.022489	0.075281	0.701086	4.946558	0.008814	0.000000
2.607000	-1.024023	0.073516	0.682173	4.626219	0.008349	0.000000
2.608000	-1.022181	0.073037	0.691698	4.926659	0.008471	0.000000
2.609000	-1.021572	0.074819	0.676050	4.807973	0.008660	0.000000
2.610000	-1.021188	0.071427	0.697341	4.358325	0.007879	0.000000
2.611000	-1.020393	0.072003	0.686577	4.649405	0.008148	0.000000
2.612000	-1.018177	0.072488	0.717567	4.765718	0.008294	0.000000
2.613000	-1.019379	0.071043	0.679429	4.362140	0.007830	0.000000
2.614000	-1.019413	0.072274	0.684235	4.838236	0.008311	0.000000
2.615000	-1.018101	0.070055	0.685235	4.511886	0.007788	0.000000
2.616000	-1.017214	0.069634	0.679507	4.160851	0.007506	0.000000
2.617000	-1.015527	0.068221	0.666735	4.135177	0.007296	0.000000
2.618000	-1.016512	0.075071	0.678950	5.013825	0.008840	0.000000
2.619000	-1.015647	0.070371	0.683262	4.215026	0.007647	0.000000
2.620000	-1.015799	0.073754	0.679678	5.019720	0.008651	0.000000
2.621000	-1.013859	0.069164	0.669844	4.218330	0.007483	0.000000
2.622000	-1.013226	0.071347	0.678467	4.610983	0.008042	0.000000
2.623000	-1.011790	0.070708	0.658246	4.159795	0.007663	0.000000
2.624000	-1.012932	0.070188	0.696788	4.322298	0.007695	0.000000
2.625000	-1.009887	0.072139	0.656853	4.412977	0.008032	0.000000
2.626000	-1.010199	0.069443	0.683506	4.338967	0.007604	0.000000
2.627000	-1.010456	0.069778	0.687808	4.135408	0.007521	0.000000
2.628000	-1.009877	0.070466	0.685397	4.503448	0.007855	0.000000
2.629000	-1.008399	0.069207	0.652780	4.254348	0.007520	0.000000
2.630000	-1.008235	0.072384	0.673779	4.629063	0.008212	0.000000
2.631000	-1.005958	0.069418	0.656660	4.183998	0.007506	0.000000
2.632000	-1.005840	0.069195	0.667834	4.131561	0.007443	0.000000
2.633000	-1.005881	0.070872	0.659070	4.595039	0.007977	0.000000
2.634000	-1.005651	0.065746	0.673800	3.811118	0.006773	0.000000
2.635000	-1.004435	0.068593	0.674703	4.170080	0.007388	0.000000
2.636000	-1.005212	0.071368	0.666885	4.448733	0.007956	0.000000
2.637000	-1.002418	0.066129	0.669174	3.821084	0.006833	0.000000
2.638000	-1.002405	0.069627	0.652058	3.917214	0.007371	0.000000
2.639000	-1.001653	0.068881	0.663261	4.014657	0.007331	0.000000
2.640000	-1.001655	0.069760	0.654827	4.187954	0.007566	0.000000
2.641000	-1.000928	0.070677	0.660785	4.253614	0.007738	0.000000
2.642000	-0.998409	0.068267	0.656420	4.110489	0.007312	0.000000
2.643000	-0.999040	0.065673	0.647596	3.828278	0.006783	0.000000
2.644000	-0.999097	0.067563	0.660001	3.987913	0.007139	0.000000
2.645000	-0.999362	0.070579	0.651204	4.073285	0.007612	0.000000
2.646000	-0.996977	0.066336	0.651892	3.706352	0.006795	0.000000
2.647000	-0.996803	0.067403	0.671365	3.916733	0.007074	0.000000
2.648000	-0.994935	0.066080	0.628257	3.890930	0.006882	0.000000
2.649000	-0.994878	0.070779	0.671840	4.218122	0.007738	0.000000
2.650000	-0.994559	0.069079	0.639365	4.222814	0.007504	0.000000
2.651000	-0.993547	0.067891	0.660658	3.887287	0.007125	0.000000
2.652000	-0.991899	0.067555	0.635364	4.013327	0.007162	0.000000
2.653000	-0.991970	0.066232	0.654437	3.634787	0.006741	0.000000
2.654000	-0.992551	0.070632	0.643429	4.412225	0.007848	0.000000
2.655000	-0.990793	0.068891	0.638135	3.864901	0.007251	0.000000
2.656000	-0.989943	0.067950	0.647773	3.943160	0.007174	0.000000
2.657000	-0.990146	0.063628	0.665186	3.633251	0.006405	0.000000
2.658000	-0.988632	0.064943	0.634821	3.971441	0.006795	0.000000
2.659000	-0.988611	0.067744	0.643133	4.164350	0.007293	0.000000
2.660000	-0.987942	0.065959	0.634257	3.866141	0.006861	0.000000
2.661000	-0.987373	0.066000	0.632831	3.730937	0.006780	0.000000
2.662000	-0.987956	0.067810	0.645647	3.953610	0.007168	0.000000
2.663000	-0.987031	0.064338	0.652657	3.632272	0.006501	0.000000
2.664000	-0.985459	0.066754	0.635548	3.773690	0.006910	0.000000
2.665000	-0.984997	0.063727	0.606607	3.667340	0.006447	0.000000
2.666000	-0.984115	0.065695	0.633338	3.664741	0.006701	0.000000
2.667000	-0.983634	0.064160	0.631065	3.715548	0.006536	0.000000
2.668000	-0.983829	0.067245	0.617315	3.945198	0.007092	0.000000
2.669000	-0.981178	0.064404	0.639350	3.493958	0.006425	0.000000
2.670000	-0.981038	0.066369	0.606224	3.668158	0.006796	0.000000
2.671000	-0.982073	0.062407	0.633568	3.479392	0.006164	0.000000
2.672000	-0.980704	0.063739	0.631289	3.563121	0.006387	0.000000
2.673000	-0.979962	0.062787	0.628345	3.379544	0.006148	0.000000
2.674000	-0.979440	0.063804	0.614925	3.488100	0.006348	0.000000
2.675000	-0.977799	0.064136	0.600394	3.515145	0.006409	0.000000
2.676000	-0.978841	0.064935	0.608811	3.611963	0.006576	0.000000
2.677000	-0.977289	0.060993	0.622196	3.271843	0.005859	0.000000
2.678000	-0.976439	0.064590	0.600481	3.693996	0.006587	0.000000
2.679000	-0.976205	0.064543	0.601519	3.544957	0.006484	0.000000
2.680000	-0.974616	0.064481	0.617493	3.490632	0.006442	0.000000
2.681000	-0.975742	0.062991	0.612877	3.626768	0.006342	0.000000
2.682000	-0.973958	0.062960	0.621172	3.491610	0.006250	0.000000
2.683000	-0.975012	0.064056	0.616159	3.475078	0.006379	0.000000
2.684000	-0.972800	0.064675	0.599148	3.459545	0.006450	0.000000
2.685000	-0.972230	0.064153	0.600825	3.408913	0.006350	0.000000
2.686000	-0.971049	0.061762	0.607614	3.406221	0.006048	0.000000
2.687000	-0.971452	0.063754	0.637090	3.480294	0.006348	0.000000
2.688000	-0.971174	0.064543	0.586298	3.590247	0.006522	0.000000
2.689000	-0.969807	0.062044	0.594927	3.350331	0.006049	0.000000
2.690000	-0.969845	0.062247	0.615054	3.385775	0.006098	0.000000
2.691000	-0.969986	0.063755	0.632222	3.441758	0.006326	0.000000
2.692000	-0.968985	0.062985	0.596982	3.498586	0.006266	0.000000
2.693000	-0.967827	0.061946	0.599481	3.209412	0.005947	0.000000
2.694000	-0.966533	0.061681	0.606930	3.371557	0.006022	0.000000
2.695000	-0.966225	0.062520	0.601946	3.440736	0.006173	0.000000
2.696000	-0.965714	0.061656	0.584173	3.199864	0.005908	0.000000
2.697000	-0.965046	0.060712	0.617400	3.159292	0.005766	0.000000
2.698000	-0.965071	0.062124	0.605566	3.364260	0.006075	0.000000
2.699000	-0.965192	0.062676	0.610241	3.347145	0.006134	0.000000
2.700000	-0.962587	0.060614	0.587954	3.096650	0.005715	0.000000
2.701000	-0.963292	0.061005	0.576691	3.288916	0.005890	0.000000
2.702000	-0.961451	0.058753	0.599458	3.029007	0.005450	0.000000
2.703000	-0.960672	0.062025	0.589661	3.198496	0.005958	0.000000
2.704000	-0.961250	0.062191	0.592029	3.303060	0.006048	0.000000
2.705000	-0.960663	0.062224	0.596346	3.402048	0.006118	0.000000
2.706000	-0.959777	0.058067	0.591875	2.972773	0.005336	0.000000
2.707000	-0.960629	0.060814	0.596703	3.058219	0.005719	0.000000
2.708000	-0.958859	0.059168	0.576613	2.958662	0.005457	0.000000
2.709000	-0.958696	0.060590	0.574727	3.124469	0.005738	0.000000
2.710000	-0.957960	0.060043	0.593789	3.100566	0.005657	0.000000
2.711000	-0.956206	0.061333	0.587094	3.157750	0.005852	0.000000
2.712000	-0.956846	0.059678	0.589290	3.015360	0.005558	0.000000
2.713000	-0.956797	0.060642	0.579849	3.150689	0.005764	0.000000
2.714000	-0.953833	0.059977	0.579356	3.009301	0.005591	0.000000
2.715000	-0.954577	0.060152	0.590641	2.990174	0.005600	0.000000
2.716000	-0.954636	0.060559	0.564326	3.141321	0.005750	0.000000
2.717000	-0.953751	0.059642	0.572411	3.195062	0.005676	0.000000
2.718000	-0.952700	0.060305	0.577151	3.068427	0.005673	0.000000
2.719000	-0.952211	0.057354	0.565450	2.865255	0.005192	0.000000
2.720000	-0.951974	0.058700	0.577839	3.037368	0.005463	0.000000
2.721000	-0.951645	0.061022	0.585521	3.085995	0.005774	0.000000
2.722000	-0.950181	0.061036	0.580268	3.025479	0.005736	0.000000
2.723000	-0.950126	0.058480	0.571017	2.914541	0.005357	0.000000
2.724000	-0.949796	0.059443	0.554448	3.070044	0.005575	0.000000
2.725000	-0.948700	0.058097	0.566164	2.825750	0.005255	0.000000
2.726000	-0.948447	0.057521	0.548595	2.852511	0.005207	0.000000
2.727000	-0.947769	0.057765	0.569984	2.962691	0.005309	0.000000
2.728000	-0.947663	0.058976	0.573875	2.948250	0.005442	0.000000
2.729000	-0.946316	0.059699	0.578248	3.090446	0.005623	0.000000
2.730000	-0.945047	0.056388	0.566936	2.714887	0.004989	0.000000
2.731000	-0.946007	0.058606	0.567950	2.862390	0.005343	0.000000
2.732000	-0.944887	0.057700	0.565186	2.950571	0.005297	0.000000
2.733000	-0.944685	0.059513	0.564063	2.971865	0.005525	0.000000
2.734000	-0.943736	0.058889	0.561662	2.838382	0.005362	0.000000
2.735000	-0.942314	0.057209	0.573414	2.796367	0.005140	0.000000
2.736000	-0.942535	0.056991	0.575013	2.806996	0.005123	0.000000
2.737000	-0.942747	0.057304	0.564921	2.768212	0.005134	0.000000
2.738000	-0.940726	0.056719	0.579259	2.792681	0.005084	0.000000
2.739000	-0.939720	0.057081	0.554122	2.687340	0.005055	0.000000
2.740000	-0.941009	0.056981	0.561001	2.633476	0.005008	0.000000
2.741000	-0.939370	0.057817	0.572379	2.909051	0.005290	0.000000
2.742000	-0.939599	0.058616	0.591959	2.915504	0.005388	0.000000
2.743000	-0.938610	0.058559	0.561815	2.751777	0.005272	0.000000
2.744000	-0.938607	0.058308	0.548914	2.883126	0.005331	0.000000
2.745000	-0.936985	0.056759	0.551898	2.728563	0.005050	0.000000
2.746000	-0.937509	0.057655	0.558096	2.767489	0.005180	0.000000
2.747000	-0.936582	0.056222	0.571376	2.757236	0.005010	0.000000
2.748000	-0.934907	0.054973	0.564864	2.593263	0.004762	0.000000
2.749000	-0.934856	0.056704	0.569663	2.712527	0.005036	0.000000
2.750000	-0.935607	0.056532	0.551615	2.706883	0.005013	0.000000
2.751000	-0.933635	0.056073	0.552513	2.878333	0.005077	0.000000
2.752000	-0.933417	0.055629	0.555439	2.560966	0.004815	0.000000
2.753000	-0.933484	0.058030	0.540355	2.862044	0.005291	0.000000
2.754000	-0.932587	0.057237	0.537999	2.777707	0.005144	0.000000
2.755000	-0.932530	0.056947	0.541421	2.710834	0.005066	0.000000
2.756000	-0.932760	0.057423	0.554126	2.605531	0.005051	0.000000
2.757000	-0.930869	0.056481	0.547708	2.568335	0.004919	0.000000
2.758000	-0.929676	0.056589	0.548998	2.736593	0.005045	0.000000
2.759000	-0.929675	0.053801	0.553398	2.474106	0.004561	0.000000
2.760000	-0.930002	0.055688	0.547544	2.645333	0.004884	0.000000
2.761000	-0.928999	0.054947	0.559805	2.559118	0.004744	0.000000
2.762000	-0.928304	0.055722	0.540263	2.558325	0.004830	0.000000
2.763000	-0.926963	0.056363	0.518756	2.631345	0.004952	0.000000
2.764000	-0.927080	0.054924	0.531701	2.538712	0.004730	0.000000
2.765000	-0.926283	0.056773	0.538949	2.818020	0.005126	0.000000
2.766000	-0.926302	0.052944	0.527315	2.334868	0.004380	0.000000
2.767000	-0.926688	0.056943	0.551516	2.660710	0.005040	0.000000
2.768000	-0.924413	0.054544	0.528476	2.474744	0.004647	0.000000
2.769000	-0.924436	0.055673	0.537522	2.647700	0.004889	0.000000
2.770000	-0.924606	0.054846	0.531887	2.505094	0.004702	0.000000
2.771000	-0.923779	0.054560	0.539355	2.555631	0.004706	0.000000
2.772000	-0.922172	0.055656	0.531635	2.665702	0.004902	0.000000
2.773000	-0.922377	0.055284	0.536550	2.585077	0.004806	0.000000
2.774000	-0.921929	0.054109	0.527151	2.482903	0.004609	0.000000
2.775000	-0.921717	0.055990	0.534024	2.564271	0.004872	0.000000
2.776000	-0.920331	0.052321	0.545999	2.234294	0.004252	0.000000
2.777000	-0.920226	0.054612	0.566870	2.519381	0.004691	0.000000
2.778000	-0.919690	0.053799	0.550584	2.402180	0.004524	0.000000
2.779000	-0.918616	0.052241	0.506208	2.250057	0.004256	0.000000
2.780000	-0.918485	0.054112	0.525291	2.425959	0.004575	0.000000
2.781000	-0.917161	0.054753	0.522572	2.561420	0.004737	0.000000
2.782000	-0.917110	0.054649	0.510137	2.400459	0.004617	0.000000
2.783000	-0.916272	0.053837	0.517595	2.401288	0.004530	0.000000
2.784000	-0.916818	0.053904	0.521443	2.414792	0.004547	0.000000
2.785000	-0.916301	0.051703	0.525225	2.246881	0.004201	0.000000
2.786000	-0.914892	0.052641	0.532523	2.309298	0.004342	0.000000
2.787000	-0.914748	0.054113	0.530431	2.485837	0.004620	0.000000
2.788000	-0.914751	0.054067	0.529553	2.484194	0.004614	0.000000
2.789000	-0.913551	0.054382	0.519199	2.438544	0.004618	0.000000
2.790000	-0.913118	0.054176	0.534870	2.496380	0.004635	0.000000
2.791000	-0.911577	0.053634	0.522183	2.388232	0.004504	0.000000
2.792000	-0.912821	0.054038	0.510513	2.426368	0.004574	0.000000
2.793000	-0.912165	0.052929	0.518278	2.317556	0.004382	0.000000
2.794000	-0.910058	0.052918	0.519187	2.316274	0.004380	0.000000
2.795000	-0.910581	0.051922	0.530249	2.189805	0.004190	0.000001
2.796000	-0.910292	0.053690	0.519571	2.376578	0.004505	0.000000
2.797000	-0.909939	0.053911	0.536094	2.427254	0.004564	0.000000
2.798000	-0.909433	0.053681	0.528142	2.285438	0.004443	0.000000
2.799000	-0.909180	0.052928	0.517965	2.274456	0.004356	0.000000
2.800000	-0.908053	0.051748	0.511659	2.210337	0.004189	0.000000
2.801000	-0.908142	0.051034	0.528408	2.275427	0.004160	0.000000
2.802000	-0.906392	0.054272	0.510077	2.377614	0.004572	0.000000
2.803000	-0.905864	0.052954	0.501832	2.319340	0.004391	0.000000
2.804000	-0.906283	0.052998	0.509625	2.378075	0.004437	0.000000
2.805000	-0.904587	0.052692	0.502525	2.340913	0.004380	0.000000
2.806000	-0.904151	0.052711	0.508094	2.229956	0.004306	0.000000
2.807000	-0.904740	0.053855	0.511267	2.297430	0.004475	0.000000
2.808000	-0.904665	0.052617	0.519376	2.318005	0.004358	0.000000
2.809000	-0.904288	0.054315	0.516985	2.472818	0.004646	0.000000
2.810000	-0.902584	0.052517	0.509083	2.224501	0.004284	0.000000
2.811000	-0.901880	0.050501	0.518450	2.065066	0.003968	0.000000
2.812000	-0.901804	0.052461	0.498626	2.150867	0.004229	0.000000
2.813000	-0.901383	0.052272	0.514522	2.287074	0.004303	0.000000
2.814000	-0.900301	0.050675	0.497540	2.106921	0.004015	0.000000
2.815000	-0.900486	0.052128	0.511567	2.304015	0.004301	0.000000
2.816000	-0.900053	0.051112	0.523251	2.214214	0.004135	0.000000
2.817000	-0.898972	0.051574	0.497259	2.277007	0.004226	0.000000
2.818000	-0.899043	0.051567	0.505690	2.272828	0.004223	0.000000
2.819000	-0.899031	0.050387	0.511668	2.051576	0.003951	0.000000
2.820000	-0.897497	0.050644	0.510388	2.060698	0.003984	0.000000
2.821000	-0.896633	0.052980	0.510433	2.240068	0.004350	0.000000
2.822000	-0.897609	0.051565	0.495243	2.285992	0.004234	0.000000
2.823000	-0.897097	0.051936	0.500829	2.158439	0.004185	0.000000
2.824000	-0.896125	0.051967	0.493036	2.216822	0.004229	0.000000
2.825000	-0.895330	0.051087	0.502701	2.189554	0.004120	0.000000
2.826000	-0.895355	0.051051	0.501434	2.125308	0.004073	0.000000
2.827000	-0.894563	0.051418	0.500495	2.201452	0.004163	0.000000
2.828000	-0.894674	0.051551	0.495478	2.133501	0.004131	0.000000
2.829000	-0.893693	0.051293	0.503407	2.135845	0.004106	0.000000
2.830000	-0.893177	0.050740	0.491388	2.049423	0.003991	0.000000
2.831000	-0.892155	0.051245	0.495992	2.138229	0.004104	0.000000
2.832000	-0.892426	0.050435	0.483920	2.081414	0.003983	0.000000
2.833000	-0.891977	0.051548	0.505137	2.214823	0.004189	0.000000
2.834000	-0.891171	0.051114	0.494900	2.146081	0.004097	0.000000
2.835000	-0.890675	0.051700	0.487337	2.254990	0.004234	0.000000
2.836000	-0.890334	0.050882	0.481378	2.136725	0.004068	0.000000
2.837000	-0.889309	0.048912	0.491978	1.932091	0.003731	0.000001
2.838000	-0.889645	0.049794	0.477189	2.048053	0.003899	0.000000
2.839000	-0.889163	0.049412	0.479609	2.043819	0.003858	0.000000
2.840000	-0.888356	0.049865	0.482184	1.968247	0.003851	0.000000
2.841000	-0.887734	0.050156	0.478703	2.008221	0.003909	0.000000
2.842000	-0.887332	0.048468	0.483285	1.924710	0.003685	0.000000
2.843000	-0.886575	0.050113	0.481446	2.125477	0.003987	0.000000
2.844000	-0.886426	0.050332	0.480653	2.091618	0.003986	0.000001
2.845000	-0.885981	0.050828	0.482379	2.069156	0.004021	0.000000
2.846000	-0.885092	0.050451	0.490065	2.088092	0.003996	0.000000
2.847000	-0.884218	0.050765	0.492878	2.130756	0.004058	0.000000
2.848000	-0.884128	0.050419	0.477153	2.043589	0.003963	0.000000
2.849000	-0.883884	0.049796	0.484159	1.942709	0.003831	0.000000
2.850000	-0.882999	0.049682	0.485703	2.048693	0.003894	0.000001
2.851000	-0.882638	0.048739	0.472762	1.876250	0.003681	0.000000
2.852000	-0.881133	0.048518	0.466297	1.956603	0.003716	0.000000
2.853000	-0.881798	0.049695	0.466744	1.971378	0.003843	0.000000
2.854000	-0.881980	0.049837	0.473490	2.079229	0.003932	0.000001
2.855000	-0.881271	0.048778	0.486413	1.988552	0.003765	0.000000
2.856000	-0.879697	0.050033	0.472262	2.094146	0.003964	0.000000
2.857000	-0.878394	0.049734	0.488310	2.107528	0.003943	0.000000
2.858000	-0.879670	0.049397	0.495842	1.942036	0.003795	0.000001
2.859000	-0.878627	0.049786	0.482133	1.953987	0.003842	0.000000
2.860000	-0.877339	0.048911	0.473376	1.897795	0.003717	0.000000
2.861000	-0.879159	0.050001	0.470586	2.096189	0.003964	0.000000
2.862000	-0.877840	0.048272	0.469467	1.911711	0.003666	0.000000
2.863000	-0.876920	0.048370	0.476136	1.884789	0.003657	0.000000
2.864000	-0.875938	0.049007	0.477542	1.931031	0.003752	0.000000
2.865000	-0.875548	0.048141	0.475684	1.869161	0.003625	0.000000
2.866000	-0.875629	0.050478	0.478261	2.035094	0.003972	0.000000
2.867000	-0.875450	0.048506	0.469612	1.872512	0.003664	0.000000
2.868000	-0.874832	0.048955	0.464537	1.956595	0.003767	0.000000
2.869000	-0.874626	0.048026	0.470014	1.888344	0.003629	0.000000
2.870000	-0.874152	0.047667	0.472945	1.807881	0.003539	0.000001
2.871000	-0.873430	0.048162	0.471088	1.846374	0.003614	0.000001
2.872000	-0.872540	0.049061	0.456559	1.960254	0.003781	0.000000
2.873000	-0.872481	0.048120	0.469254	1.919939	0.003662	0.000001
2.874000	-0.871845	0.048384	0.461432	1.971064	0.003724	0.000000
2.875000	-0.870860	0.046727	0.466498	1.672898	0.003358	0.000001
2.876000	-0.870121	0.047229	0.474630	1.820785	0.003509	0.000000
2.877000	-0.870045	0.048142	0.452583	1.907495	0.003657	0.000000
2.878000	-0.870711	0.048223	0.473629	1.941344	0.003689	0.000000
2.879000	-0.869873	0.046435	0.451933	1.788342	0.003413	0.000000
2.880000	-0.869107	0.048544	0.468307	1.860541	0.003665	0.000000
2.881000	-0.868205	0.047655	0.460198	1.906333	0.003612	0.000000
2.882000	-0.867962	0.046899	0.470050	1.797911	0.003465	0.000001
2.883000	-0.867510	0.046780	0.458991	1.824981	0.003473	0.000001
2.884000	-0.867042	0.048781	0.460029	1.852446	0.003684	0.000000
2.885000	-0.866832	0.048404	0.443013	1.887970	0.003673	0.000000
2.886000	-0.866437	0.047926	0.460497	1.844025	0.003596	0.000000
2.887000	-0.865545	0.047936	0.449049	1.840840	0.003595	0.000001
2.888000	-0.866001	0.047586	0.456287	1.753144	0.003501	0.000001
2.889000	-0.865137	0.048395	0.459212	1.860174	0.003654	0.000001
2.890000	-0.864297	0.048552	0.451431	1.886233	0.003688	0.000000
2.891000	-0.863530	0.047114	0.448995	1.868903	0.003539	0.000000
2.892000	-0.863404	0.047260	0.453297	1.827022	0.003524	0.000000
2.893000	-0.863612	0.046215	0.454989	1.703386	0.003339	0.000000
2.894000	-0.862435	0.047672	0.455783	1.772677	0.003525	0.000000
2.895000	-0.861956	0.045983	0.444357	1.672557	0.003297	0.000001
2.896000	-0.860961	0.046700	0.465660	1.783075	0.003442	0.000001
2.897000	-0.861609	0.046387	0.451634	1.705959	0.003358	0.000000
2.898000	-0.860284	0.045348	0.459431	1.703560	0.003262	0.000001
2.899000	-0.861031	0.045527	0.466430	1.706104	0.003280	0.000000
2.900000	-0.860465	0.046669	0.450462	1.704290	0.003385	0.000000
2.901000	-0.859208	0.047728	0.450119	1.786280	0.003543	0.000001
2.902000	-0.859286	0.046712	0.445589	1.710112	0.003394	0.000000
2.903000	-0.859299	0.046993	0.441260	1.768038	0.003461	0.000001
2.904000	-0.857648	0.046336	0.468180	1.743828	0.003383	0.000000
2.905000	-0.857282	0.047954	0.447220	1.808289	0.003582	0.000000
2.906000	-0.856589	0.046054	0.455293	1.703726	0.003330	0.000001
2.907000	-0.856413	0.046056	0.454953	1.719786	0.003342	0.000000
2.908000	-0.855782	0.047096	0.445303	1.777781	0.003480	0.000001
2.909000	-0.855535	0.046145	0.443552	1.739242	0.003365	0.000001
2.910000	-0.854977	0.046295	0.431974	1.720777	0.003366	0.000001
2.911000	-0.855185	0.045620	0.440338	1.710722	0.003297	0.000001
2.912000	-0.854395	0.045455	0.447086	1.650553	0.003240	0.000000
2.913000	-0.852660	0.046013	0.459569	1.664992	0.003301	0.000001
2.914000	-0.853026	0.046428	0.446160	1.644281	0.003325	0.000000
2.915000	-0.853042	0.046810	0.436691	1.750479	0.003437	0.000001
2.916000	-0.852737	0.046981	0.449612	1.793023	0.003484	0.000001
2.917000	-0.853073	0.044719	0.437641	1.583264	0.003127	0.000001
2.918000	-0.852451	0.044994	0.448389	1.646705	0.003198	0.000000
2.919000	-0.850993	0.045439	0.442119	1.578005	0.003189	0.000000
2.920000	-0.850865	0.045415	0.442999	1.648316	0.003238	0.000001
2.921000	-0.850834	0.046422	0.430301	1.759241	0.003410	0.000001
2.922000	-0.850132	0.045740	0.437248	1.657591	0.003275	0.000001
2.923000	-0.849128	0.044795	0.451029	1.644231	0.003180	0.000000
2.924000	-0.849216	0.044646	0.433256	1.610720	0.003143	0.000001
2.925000	-0.848893	0.045880	0.429786	1.633243	0.003271	0.000000
2.926000	-0.847413	0.045598	0.425956	1.640672	0.003251	0.000001
2.927000	-0.847307	0.045798	0.441755	1.736003	0.003338	0.000001
2.928000	-0.847470	0.045024	0.421423	1.623264	0.003188	0.000000
2.929000	-0.847440	0.046294	0.430095	1.702714	0.003361	0.000001
2.930000	-0.846541	0.045291	0.430995	1.627450	0.003215	0.000000
2.931000	-0.846095	0.044536	0.439176	1.553714	0.003095	0.000001
2.932000	-0.845738	0.046366	0.424915	1.721336	0.003382	0.000000
2.933000	-0.846018	0.045050	0.428611	1.583612	0.003163	0.000000
2.934000	-0.845709	0.045953	0.435348	1.647421	0.003292	0.000001
2.935000	-0.843887	0.044529	0.438017	1.630754	0.003151	0.000000
2.936000	-0.843978	0.045563	0.427577	1.660544	0.003266	0.000001
2.937000	-0.843466	0.045849	0.421653	1.641720	0.003279	0.000001
2.938000	-0.842741	0.044212	0.431216	1.556582	0.003071	0.000000
2.939000	-0.842270	0.045554	0.433292	1.683199	0.003283	0.000001
2.940000	-0.842541	0.044582	0.413077	1.568524	0.003113	0.000001
2.941000	-0.841498	0.044882	0.439409	1.587626	0.003154	0.000000
2.942000	-0.841178	0.044072	0.422688	1.526583	0.003039	0.000001
2.943000	-0.840137	0.044419	0.433939	1.537187	0.003078	0.000001
2.944000	-0.839702	0.044982	0.422457	1.552489	0.003139	0.000001
2.945000	-0.840024	0.043727	0.426480	1.507633	0.002996	0.000001
2.946000	-0.840636	0.045206	0.428667	1.586659	0.003185	0.000001
2.947000	-0.839763	0.044727	0.428931	1.568815	0.003129	0.000001
2.948000	-0.838978	0.044547	0.423101	1.577813	0.003120	0.000001
2.949000	-0.838442	0.043879	0.443350	1.523213	0.003022	0.000000
2.950000	-0.837867	0.044259	0.428970	1.554614	0.003079	0.000000
2.951000	-0.837507	0.043681	0.423641	1.505643	0.002993	0.000000
2.952000	-0.837125	0.043169	0.426680	1.473362	0.002925	0.000001
2.953000	-0.836993	0.043853	0.424293	1.463367	0.002978	0.000000
2.954000	-0.837349	0.045038	0.434947	1.590953	0.003176	0.000000
2.955000	-0.836128	0.044152	0.427654	1.492542	0.003026	0.000001
2.956000	-0.835802	0.043815	0.411034	1.536208	0.003028	0.000000
2.957000	-0.834896	0.043896	0.420317	1.527009	0.003029	0.000000
2.958000	-0.833860	0.043058	0.418815	1.426361	0.002884	0.000001
2.959000	-0.834124	0.044329	0.415840	1.564862	0.003096	0.000000
2.960000	-0.833149	0.043982	0.427458	1.502728	0.003020	0.000001
2.961000	-0.833449	0.045354	0.419063	1.595381	0.003210	0.000001
2.962000	-0.832085	0.044506	0.414979	1.549065	0.003101	0.000001
2.963000	-0.831923	0.043427	0.422999	1.502809	0.002973	0.000001
2.964000	-0.832157	0.044226	0.419652	1.505783	0.003046	0.000001
2.965000	-0.831460	0.044280	0.421622	1.531849	0.003070	0.000001
2.966000	-0.830598	0.043982	0.411690	1.543602	0.003052	0.000001
2.967000	-0.830686	0.044327	0.420933	1.504468	0.003055	0.000001
2.968000	-0.830258	0.044151	0.418971	1.545016	0.003069	0.000000
2.969000	-0.829498	0.043906	0.395067	1.460517	0.002986	0.000001
2.970000	-0.829801	0.043673	0.425476	1.526457	0.003014	0.000001
2.971000	-0.827593	0.044182	0.411888	1.523602	0.003057	0.000000
2.972000	-0.828910	0.043984	0.422032	1.501506	0.003024	0.000001
2.973000	-0.827990	0.042556	0.423239	1.448074	0.002862	0.000000
2.974000	-0.827105	0.043216	0.421334	1.414393	0.002895	0.000001
2.975000	-0.827468	0.043550	0.404214	1.469284	0.002964	0.000001
2.976000	-0.826935	0.042540	0.412550	1.405916	0.002831	0.000001
2.977000	-0.827434	0.043215	0.408041	1.500670	0.002958	0.000001
2.978000	-0.826492	0.042610	0.425456	1.465229	0.002881	0.000001
2.979000	-0.825566	0.042391	0.416105	1.424297	0.002833	0.000001
2.980000	-0.825452	0.043328	0.404180	1.486767	0.002959	0.000000
2.981000	-0.824549	0.043730	0.409603	1.455511	0.002972	0.000001
2.982000	-0.824591	0.043299	0.409805	1.471136	0.002946	0.000001
2.983000	-0.823992	0.043241	0.397932	1.425783	0.002908	0.000001
2.984000	-0.823456	0.042671	0.407433	1.474556	0.002895	0.000001
2.985000	-0.824246	0.043107	0.411424	1.469672	0.002929	0.000001
2.986000	-0.822298	0.043371	0.409878	1.503877	0.002977	0.000000
2.987000	-0.822879	0.043256	0.415467	1.448111	0.002927	0.000000
2.988000	-0.822429	0.042235	0.408367	1.448670	0.002841	0.000001
2.989000	-0.822274	0.043229	0.409909	1.440317	0.002920	0.000001
2.990000	-0.821266	0.043093	0.404613	1.399178	0.002878	0.000001
2.991000	-0.821222	0.043122	0.412697	1.421638	0.002898	0.000001
2.992000	-0.821102	0.042629	0.399057	1.434618	0.002865	0.000001
2.993000	-0.819690	0.042722	0.411120	1.470182	0.002899	0.000001
2.994000	-0.819646	0.044035	0.404468	1.513888	0.003046	0.000001
2.995000	-0.819356	0.041979	0.396350	1.378724	0.002770	0.000001
2.996000	-0.818344	0.042295	0.397197	1.405903	0.002817	0.000001
2.997000	-0.817999	0.042535	0.406737	1.362744	0.002806	0.000001
2.998000	-0.818210	0.041841	0.401637	1.367623	0.002752	0.000001
2.999000	-0.817283	0.041859	0.395804	1.383970	0.002765	0.000001
